6LZG.qmean	0.7532909222132501	0.7533493520548145	0.7539600226571253
6M0J.qmean	0.7443203798899689	0.7442770520169902	0.743888996878074
6M17.qmean	0.6427511986944285	0.6427128498844945	0.6430030570761122
6M3W.qmean	0.7092745084025907	0.583076219372665	0.5833561130351833
6VSB.qmean	0.7335852724562919	0.6881977586253922	0.6877541448315846
6VXX.qmean	0.7908596358090934	0.7409640013118838	0.7413313293169032
6VYB.qmean	0.7844924930588097	0.7348224950996446	0.7329171993535061
6WPS.qmean	0.8011720255683674	0.75398877874977	0.7521299352074826
6WPT.qmean	0.770573620491589	0.742656026321708	0.7414310705281517
6X29.qmean	0.7315255736763274	0.6874064062484145	0.6872503681990781
6X2A.qmean	0.7075341652583813	0.6703435650275198	0.6713579383856864
6X2B.qmean	0.6903148291900452	0.6583994070752872	0.6560808910865685
6X2C.qmean	0.731634174390359	0.7017361998472649	0.7033265365532493
6X6P.qmean	0.7163269014654128	0.6957953572641443	0.6911983542605261
6X79.qmean	0.7883797688682979	0.7532101198106563	0.7508387246623257
6XDG.qmean	0.6672426668345216	0.6665524334532253	0.6649326948956567
6XF5.qmean	0.7565338487707669	0.7163564211641367	0.7153706224130241
6XF6.qmean	0.7555454067872284	0.7153520071553681	0.7137254741762532
6XKL.qmean	0.7667083321375021	0.7201967890606643	0.7185699525089739
6XLU.qmean	0.728620609763028	0.7136001965183625	0.7138249739031284
6XM0.qmean	0.7197100014288004	0.6978558204937686	0.697238044615563
6XM3.qmean	0.7341260050437252	0.7130516642632623	0.7121439622340523
6XM4.qmean	0.7196782522877254	0.6984503178741509	0.6983829565484744
6XM5.qmean	0.7160306248623337	0.6921471360137795	0.6921373166850168
6XRA.qmean	0.7309278527100399	0.6047596788668699	0.603167962428736
6XS6.qmean	0.7306967744075568	0.5671004514065858	0.5658526960247114
6YLA.qmean	0.7516537726654987	0.7533402905827535	0.7561961160512158
6YM0.qmean	0.7222477985960853	0.7276480995736763	0.7265604546744077
6YOR.qmean	0.7533797470734	0.7537305845075987	0.7553105342188775
6YZ5.qmean	0.7653705458363734	0.765897184877233	0.7647327033518531
6Z2M.qmean	0.7541254066436973	0.7551343620543455	0.7558896431132425
6Z43.qmean	0.756374388564206	0.7230583325353762	0.7222346803140642
6Z97.qmean	0.7481149668543337	0.7102035607258269	0.7099111623601866
6ZB4.qmean	0.7080720401782539	0.6879989302217486	0.6869848615994918
6ZB5.qmean	0.7325686391914351	0.7137957922939586	0.7126761360459025
6ZCZ.qmean	0.7291926412721305	0.7330582160667245	0.7351001743723473
6ZDG.qmean	0.7261513079555264	0.7300232362570657	0.7308131440237806
6ZDH.qmean	0.7568938776017897	0.7330607850423568	0.732984390931035
6ZER.qmean	0.7217937588370212	0.7238812916884257	0.7264234958833727
6ZFO.qmean	0.7402853152653438	0.7446962818299802	0.7464824422060666
6ZGE.qmean	0.7579727065528832	0.7512732625202971	0.7530705779147369
6ZGG.qmean	0.6861391026225914	0.6731973616561429	0.6723595893715422
6ZGH.qmean	0.6960010675340785	0.6443758550043244	0.6472792642572179
6ZGI.qmean	0.7580551782074351	0.7476586195062477	0.7473571268879666
6ZHD.qmean	0.7620974587019047	0.7236180277571395	0.7236016951347612
6ZOW.qmean	0.718406185265301	0.6301839973084575	0.6299794554262427
6ZOX.qmean	0.7731531715665704	0.7438721275971855	0.7442538181988995
6ZOY.qmean	0.7718403424461496	0.7390627428641031	0.7372797193387688
6ZOZ.qmean	0.7488769329475373	0.7346825930423703	0.7341336093757109
6ZP0.qmean	0.786107365120817	0.7583429524882171	0.7572059539057906
6ZP1.qmean	0.7832822935639293	0.7494770238050575	0.7494474158235771
6ZP2.qmean	0.7745599703412193	0.7665296875365731	0.7681832594619165
6ZP5.qmean	0.7191509569030535	0.6665211295169967	0.6651817528898719
6ZP7.qmean	0.7179798053382614	0.6632059216508969	0.6623310895379226
6ZXN.qmean	0.741760349655445	0.7243154068334469	0.724746122833371
7A25.qmean	0.7460275545761145	0.7317249381556787	0.7337325477625701
7A29.qmean	0.7472445811118159	0.7282044724938661	0.7283724413030208
7A4N.qmean	0.746761213145968	0.6893957605754265	0.6882618521395938
7A5R.qmean	0.6505860180686516	0.5004660583745604	0.5032184177576811
7A5S.qmean	0.690229169354447	0.6815886699728584	0.6865500848292889
7A91.qmean	0.7066570764438471	0.7013819377149489	0.7011041011823941
7A92.qmean	0.7249576654789117	0.7177923477666707	0.7182932029061991
7A93.qmean	0.684647137643077	0.6706706040946114	0.6682156599452068
7A94.qmean	0.712132505008002	0.7007884252330786	0.7032030365466969
7A95.qmean	0.6748614715616746	0.66521643370429	0.6644697021496464
7A96.qmean	0.6799014979587583	0.6686253605002375	0.6680539353451211
7A97.qmean	0.6754435279240281	0.6666809275914191	0.6678260840899355
7A98.qmean	0.6694890131098763	0.6609875155190535	0.6615585847665286
7AD1.qmean	0.7235056545561803	0.6722590686347873	0.6735811724839
7AKD.qmean	0.7271390699667081	0.6947635315062	0.6950032500830994
7B3O.qmean	0.8115704410627429	0.8160800834273716	0.8194319469950927
7B62.qmean	0.7619252425403386	0.7623134040158462	0.7636165641262483
7BEH.qmean	0.7836955045086821	0.7844522082265637	0.7839649531963324
7BEI.qmean	0.7920898329989855	0.7928399152360004	0.7928733567229429
7BEJ.qmean	0.7879958020271383	0.7865804370737415	0.786292901296736
7BEK.qmean	0.7932067716240317	0.7934310493834547	0.793694000307329
7BEL.qmean	0.7656409509039257	0.7659436421937007	0.7673246014830191
7BEM.qmean	0.7443797336711726	0.749544392876159	0.7504861540788608
7BEN.qmean	0.7822147022138386	0.7831206393001242	0.7828443747512583
7BEO.qmean	0.7775718574787815	0.7767476119120211	0.7790368277173434
7BEP.qmean	0.7815562910348235	0.7836046146474271	0.7813557623232076
7BH9.qmean	0.7235494318707372	0.7276690232013967	0.7312452020958086
7BNN.qmean	0.6847178869125463	0.6728212412296622	0.6726713344939179
7BNO.qmean	0.6887224556978635	0.6688841776577931	0.6679246092315193
7BWJ.qmean	0.7392012588171885	0.7391510930748845	0.7392340484404453
7BYR.qmean	0.705882613210025	0.670717393435498	0.6692474483424359
7BZ5.qmean	0.816978537295558	0.8172788578605653	0.8163245241863656
7C01.qmean	0.7679077019940247	0.7679265184423614	0.7664791449762439
7C2L.qmean	0.6113356286905864	0.5980979509025405	0.5961510094598197
7C8D.qmean	0.7258078826059452	0.7266826197409546	0.7280553854602408
7C8J.qmean	0.7256774113087172	0.7264301152751647	0.7268090458563703
7C8V.qmean	0.7953232756311122	0.7959879336525375	0.794643354127722
7C8W.qmean	0.7045751130090381	0.7089637636964705	0.7093100965297949
7CAB.qmean	0.7319501723826256	0.705259405216311	0.70262280193326
7CAC.qmean	0.6898691024332829	0.6676648553705625	0.6666408054219112
7CAH.qmean	0.5880351450324073	0.5952775582481749	0.5865732801788285
7CAI.qmean	0.6590834579273547	0.6384485316939439	0.6377576396479081
7CAK.qmean	0.6430616196554326	0.626150007568	0.6262808428326604
7CAN.qmean	0.6958235832539665	0.6909009663610821	0.6920066185164813
7CDI.qmean	0.7531231789560554	0.7523293029919359	0.7510182386899827
7CDJ.qmean	0.7152874427803044	0.7147838441218473	0.7144129780057028
7CH4.qmean	0.7497726946712042	0.7465698359759452	0.7509848629790574
7CH5.qmean	0.7815340064077153	0.7833208345959624	0.7807545469362838
7CHB.qmean	0.8029392671712846	0.7963805489596583	0.7981466328459582
7CHC.qmean	0.7850820585341054	0.7835511105597329	0.7839300274387786
7CHE.qmean	0.7346403470678093	0.7342693483429156	0.7357961297237042
7CHF.qmean	0.7664806293326307	0.7642451970509192	0.763549722483746
7CHH.qmean	0.7289337570770498	0.6991059280321401	0.6995642849021918
7CHO.qmean	0.754010989020434	0.7505727455206745	0.7538628072427052
7CHP.qmean	0.793328318998568	0.7903339431529538	0.7909265921184996
7CHS.qmean	0.7837084205379771	0.7802872979134791	0.7801173223319962
7CJF.qmean	0.7912064048387488	0.7911597414607547	0.7945954376495264
7CM4.qmean	0.7758192971517452	0.7766131001202101	0.7783224463679178
7CN8.qmean	0.6830552062618177	0.6830578083670801	0.6837808076825935
7CN9.qmean	0.5851031616461432	0.574775536978291	0.5733980614440052
7CT5.qmean	0.695891614654462	0.6693018049927305	0.6692405088742389
7CWL.qmean	0.6816853084821504	0.6701275187893618	0.6695347815160411
7CWM.qmean	0.6904561357837353	0.6798036675406202	0.6791916265409967
7CWN.qmean	0.6871832168418437	0.6794052598956912	0.6780472348676837
7CWO.qmean	0.6881464226389857	0.6890256687742583	0.6891016862733657
7CWS.qmean	0.6752173645400087	0.6619494205333087	0.6624884077284219
7CWT.qmean	0.662692792653103	0.6517907821182658	0.6521950166406016
7CWU.qmean	0.689656982984349	0.6760057412746302	0.6760413844974738
7CYH.qmean	0.6133611376586178	0.6143251261496041	0.6131493869914156
7CYP.qmean	0.632874844180869	0.6221391579011647	0.6211976179183752
7CYV.qmean	0.6957855828542324	0.71544618548751	0.718462532311261
7CZP.qmean	0.6892176118504701	0.6627181944680667	0.6604854309994465
7CZQ.qmean	0.6931732957368725	0.6683008078803292	0.6655933305383319
7CZR.qmean	0.6794783712832384	0.6480405003557527	0.6450742564140378
7CZS.qmean	0.6261937938435835	0.6025647103040116	0.6004273683853226
7CZT.qmean	0.7058217022273152	0.6704721180681853	0.6662685640913517
7CZU.qmean	0.6916799924015882	0.6583295696430199	0.6567584420246575
7CZV.qmean	0.6515332074843612	0.6266393613466729	0.6259860551196852
7CZW.qmean	0.6983036366050032	0.6654062808970725	0.6624982301119526
7CZX.qmean	0.6493870249846239	0.6260375932844618	0.6239165882619562
7CZY.qmean	0.6619747219722721	0.6378825204428392	0.6347461039125184
7CZZ.qmean	0.6059120734177663	0.5831104842484541	0.5809242452632437
7D00.qmean	0.6752238341730595	0.6459628840037024	0.6432274034146852
7D03.qmean	0.681415853484667	0.6469270530024372	0.6465159719592345
7D0B.qmean	0.6736784846199385	0.6370307006802314	0.6357380704351311
7D0C.qmean	0.6923447012516724	0.6627247587753459	0.6607982551299644
7D0D.qmean	0.6892935406095955	0.6584328976149935	0.6558726149190527
7D2Z.qmean	0.7354722019884417	0.7358699506865161	0.7353369409197019
7D30.qmean	0.7617930590044365	0.7625567061732753	0.763995342290691
7D4G.qmean	0.6397682973046065	0.6420722784150308	0.6422815320728164
7D6I.qmean	0.7444522895279646	0.750516747234544	0.7490438381302869
7DCC.qmean	0.7148379987619021	0.7009712731557907	0.7004680565338202
7DCX.qmean	0.734280165790175	0.718137983122221	0.717561219571445
7DD2.qmean	0.721105502089249	0.7023710677510138	0.7015689136086363
7DD8.qmean	0.7004417178490937	0.6846027631808296	0.6837692145440735
7DDD.qmean	0.7113213043321098	0.7027559128245324	0.7037081964960761
7DDN.qmean	0.7358504155688573	0.7134717924939237	0.7144415346185857
7DEO.qmean	0.7796013621206649	0.7697003926340438	0.7722269423480763
7DET.qmean	0.7601030204451112	0.7549715917727094	0.7555530863961004
7DEU.qmean	0.7821958911677769	0.7798035639361415	0.7761469663795005
7DF3.qmean	0.7172454735611238	0.7038520077016148	0.7028699543637104
7DF4.qmean	0.7347662035400648	0.7189529935942587	0.7181346930662602
7DHX.qmean	0.7418535101723016	0.7447459264061927	0.7461952254250545
7DJZ.qmean	0.8032299328308059	0.8032759487230954	0.8015237176563474
7DK0.qmean	0.750069576091214	0.749732447394134	0.7472055103004085
7DK2.qmean	0.746019285199401	0.7460051843134542	0.7462464858663531
7DK3.qmean	0.7536114369813647	0.731696864468157	0.7316000584499376
7DK4.qmean	0.7307137949218334	0.7165821398734187	0.7168739636779444
7DK5.qmean	0.7287920600147294	0.7090550077781704	0.7076421539235008
7DK6.qmean	0.7346340395431173	0.7118127095552678	0.7095151198313946
7DK7.qmean	0.7236719084011676	0.7076515474997502	0.7075553746314337
7DMU.qmean	0.734692041649918	0.73481334137602	0.7333247713638364
7DPM.qmean	0.7717290260444958	0.768740051868047	0.7675330330692361
7DQA.qmean	0.724060907851691	0.7240854873878623	0.7210857605652001
7DWY.qmean	0.756184093609208	0.7467230260110428	0.7452024816566738
7DWZ.qmean	0.6693240950313076	0.6279157556068393	0.6239119936555685
7DX0.qmean	0.6669262920013098	0.6185108237929196	0.6146295240684908
7DX1.qmean	0.6697599910089206	0.6302230244269543	0.6259969019744307
7DX2.qmean	0.6739404353397158	0.6260743247621426	0.6220424267866699
7DX3.qmean	0.6758609587858703	0.6283241037139726	0.6251914954064177
7DX4.qmean	0.7073541815756944	0.7074551737201521	0.7099126384104767
7DX5.qmean	0.6798941091929586	0.6507239986431237	0.6484962168455511
7DX6.qmean	0.6886555274125191	0.6516213464809246	0.650327549714695
7DX7.qmean	0.6792199374337742	0.6421871389052719	0.6396523852703421
7DX8.qmean	0.6932617307013116	0.6581975300623211	0.656701797712816
7DX9.qmean	0.6927858842235375	0.6629927978574942	0.661175393703966
7DZW.qmean	0.4053590858787201	0.6620818702783343	0.6619282411733732
7DZX.qmean	0.4180917891368343	0.7133953543204403	0.7125736514943398
7DZY.qmean	0.42248698392308043	0.7155903884529795	0.7151588971082681
7E23.qmean	0.6207682983662908	0.6203189893093987	0.6223799418588342
7E39.qmean	0.6095889960635508	0.6160838607026494	0.6165820329291684
7E3B.qmean	0.7114386902756332	0.7114781593715314	0.7145169498397719
7E3C.qmean	0.5705767496950576	0.5984287522264936	0.6030506844107156
7E3J.qmean	0.7259491860345791	0.7235361849981975	0.7231118886563568
7E3O.qmean	0.7284926358775902	0.7297459102092907	0.7276452172944345
7E5O.qmean	0.7518146836906602	0.7539571977479633	0.7531269146538293
7E5R.qmean	0.6744110871729104	0.6671100399336075	0.6659188132256765
7E5S.qmean	0.6608812193524733	0.6533612303304246	0.6526750604879629
7E5Y.qmean	0.6020352386620949	0.6016695878550531	0.5999794135774877
7E7B.qmean	0.7524227260987523	0.7438697591506633	0.7422600009967477
7E7D.qmean	0.748635528463438	0.7432888838505163	0.742328215597092
7E7X.qmean	0.7916953421376028	0.7597188582495278	0.7597954345239295
7E7Y.qmean	0.7885572751923392	0.7882625472187101	0.7854541231427683
7E86.qmean	0.7565104495887707	0.7546115134630591	0.7535869204080193
7E88.qmean	0.7522759851279651	0.7518158028353525	0.7538603607881357
7E8C.qmean	0.7322057974311084	0.7158843385238759	0.7169131081216349
7E8F.qmean	0.740132009856613	0.7350166489706393	0.7369858362382564
7E8M.qmean	0.8123262127992975	0.8104527554792427	0.8081597828581895
7E9O.qmean	0.7199231251077232	0.6941643652787592	0.692825921011675
7E9Q.qmean	0.6957127120082788	0.672991392145306	0.6753825677563372
7E9T.qmean	0.7067839546192708	0.581017769691003	0.5790341742983054
7EAM.qmean	0.7918389747759808	0.7920690365697935	0.7917150356153977
7EAN.qmean	0.7931380445087064	0.793217078643882	0.7911583908411087
7EAZ.qmean	0.7160699397304456	0.6924517702275323	0.6929061184659135
7EB0.qmean	0.715374009425433	0.6871475583249683	0.6860929239184487
7EB3.qmean	0.7132613623819327	0.6895810999542018	0.6877093808127372
7EB4.qmean	0.7200415507519784	0.6901110495771536	0.6895408287168286
7EB5.qmean	0.7068914403276367	0.679962354412168	0.6792149596688124
7EDF.qmean	0.7102176979718564	0.6826484814108118	0.6842330648261266
7EDG.qmean	0.7068604754868759	0.6716551317240618	0.6718731411513195
7EDH.qmean	0.700383681121956	0.6145214157034695	0.6121355751514853
7EDI.qmean	0.7134152718042986	0.6800889923344696	0.6783749773327541
7EDJ.qmean	0.7007883634666708	0.6774228242959157	0.6774476314404179
7EFP.qmean	0.7365948230698743	0.7362203266535454	0.7359845610964528
7EFR.qmean	0.7290125915841027	0.7286789654227988	0.7315752613648876
7EH5.qmean	0.700447299123131	0.678093420170357	0.6748836764477866
7EJ4.qmean	0.7064780750347045	0.688922568527189	0.6875008879792572
7EJ5.qmean	0.7078409184076924	0.6836785376302027	0.6844247083926196
7EKC.qmean	0.7634266562083887	0.7634352236076526	0.7621249500172919
7EKE.qmean	0.7618821930414926	0.7619530968560834	0.7617900340777984
7EKF.qmean	0.7516203211585504	0.7517228701276508	0.7519262414102685
7EKG.qmean	0.7608399060348268	0.760830251003702	0.7610646095276485
7EKH.qmean	0.7630179167499044	0.763039503197753	0.7617389631748624
7EY5.qmean	0.6498113652815516	0.6499106079680511	0.6492418578834276
7EYA.qmean	0.6769870858415952	0.6291157012727973	0.6290360677311952
7EZV.qmean	0.6813707240558915	0.6816066502462501	0.6824855274141258
7F62.qmean	0.6567957189412674	0.6593377416151474	0.6574292435999525
7F63.qmean	0.6407411693022773	0.6443476725306958	0.6458574578036509
7F7E.qmean	0.7593226087290772	0.7593403096187805	0.7625627975731105
7FAE.qmean	0.6986211505063629	0.6725960847255223	0.6720984390104028
7FAF.qmean	0.6672571906246632	0.6447732484059236	0.6418716677427148
7FCD.qmean	0.6941726878723027	0.6743466769744714	0.6742751864311284
7FCE.qmean	0.7598565598737901	0.7363991263694036	0.7377705909450444
7FDG.qmean	0.7057972406637981	0.7056227349450988	0.7061348814243533
7FDH.qmean	0.7203941531578741	0.720392247896273	0.7190581478643449
7FDI.qmean	0.734237776246107	0.7347093111538177	0.7373519563446189
7FDK.qmean	0.6772138081566731	0.6772371337616213	0.6780189241755186
7FEM.qmean	0.6673788247620644	0.6404541656520296	0.6383258510342894
7FET.qmean	0.6597172065759775	0.633751050425729	0.6338965757773449
7FG2.qmean	0.614862659466125	0.6066044020175574	0.6064413709086062
7FG3.qmean	0.5876033052771554	0.5763874413103012	0.5760961219770969
7FG7.qmean	0.6133012060273366	0.6132714587967483	0.6147668935110129
7JJI.qmean	0.8017947819239332	0.7916444592217632	0.791717608571014
7JV2.qmean	0.7941437949539991	0.7909738123440564	0.7902174100549801
7JV4.qmean	0.7546192361666367	0.7466508545429248	0.7474382154301515
7JV6.qmean	0.768391470316924	0.7636217295633806	0.7625212405310133
7JVA.qmean	0.81003950765605	0.8161566721511833	0.8122751054112561
7JVB.qmean	0.6619842360311392	0.6663319351888427	0.6648663568649827
7JVC.qmean	0.7702556032240268	0.7836137365769751	0.7830168976984405
7JW0.qmean	0.7158243607273591	0.7671673799570731	0.7660272287667844
7JWB.qmean	0.8081060389668541	0.7532930165110387	0.7539007954183599
7JWY.qmean	0.7310235672947903	0.7207953407724882	0.7203371024915594
7JX3.qmean	0.776749983488936	0.7755707754808241	0.7726879928286727
7JZL.qmean	0.7813954589292538	0.7505447721239831	0.7517077954391123
7JZM.qmean	0.7982111088144399	0.8065651985318338	0.808235598864418
7JZN.qmean	0.7913865011340143	0.7567533755536048	0.7536159301884962
7JZU.qmean	0.7839360779181104	0.7903801033086711	0.7917774941732101
7K43.qmean	0.7997787172895647	0.7755334011901477	0.7775623339368559
7K8U.qmean	0.7006408989851176	0.6630744406968793	0.6614954841768464
7K9H.qmean	0.7306918553640652	0.6991791824337215	0.6965066661834725
7K9I.qmean	0.7075744125121067	0.7074744725811241	0.7078304970550131
7K9J.qmean	0.7504591727534033	0.7193744578266537	0.7184953780218044
7K9K.qmean	0.7138187242944815	0.6978875498209528	0.6951503372932699
7KDG.qmean	0.7421637553980133	0.6994072005352314	0.7001680379746688
7KDH.qmean	0.7084246053718566	0.6620635627574689	0.6608854201835523
7KDI.qmean	0.7441429259777056	0.6975669049108953	0.69628939940042
7KDJ.qmean	0.7141246403844211	0.6701224372182115	0.6669950429865673
7KDK.qmean	0.7460322270683789	0.7031860683093993	0.7000014825277447
7KDL.qmean	0.7118333591128098	0.6625930270165791	0.6618658417520116
7KE4.qmean	0.724239299178835	0.6794883917583222	0.6799207547036068
7KE6.qmean	0.7311540417427858	0.6999900016793401	0.6998901810690927
7KE7.qmean	0.7190786540786543	0.6738942568564618	0.6733850170288989
7KE8.qmean	0.7311107042485664	0.6949777155477956	0.6924208782665127
7KE9.qmean	0.7179402315396012	0.6725059757081503	0.6720465193890192
7KEA.qmean	0.6950015126428674	0.645242599492704	0.6451602650859998
7KEB.qmean	0.68062139849811	0.6360472924900143	0.6360657113892677
7KEC.qmean	0.668319725213075	0.6225052436732029	0.6188258565701236
7KGJ.qmean	0.7680512671577634	0.7699018434389238	0.7654904413525686
7KGK.qmean	0.7165302091445694	0.7173421611103898	0.7180082605140112
7KJ2.qmean	0.7221784907066449	0.6792557508198604	0.6781404354844287
7KJ3.qmean	0.7151146359454924	0.6872869741056659	0.6871406313131937
7KJ4.qmean	0.716998395747899	0.68745622926166	0.6865952867041489
7KJ5.qmean	0.7145794840490115	0.661461347898259	0.661383795711001
7KKK.qmean	0.8083090164988871	0.765954221940193	0.7657083801007335
7KKL.qmean	0.8198224617099233	0.7751839582521797	0.7740156884356996
7KL9.qmean	0.6704148469593466	0.6490937071062598	0.6491680064512577
7KLG.qmean	0.728955177330218	0.728939350483153	0.7275606472317195
7KLH.qmean	0.7330363587648963	0.7330580576016158	0.7327123542855053
7KLW.qmean	0.7581282723426006	0.7581187587390439	0.7586066122737974
7KM5.qmean	0.7525904820929222	0.7555588212274496	0.7506246836009803
7KMB.qmean	0.7091675579354033	0.7091632264497014	0.7066644463118841
7KMG.qmean	0.7780398668741124	0.7859240833915467	0.782700803400953
7KMH.qmean	0.7806668930643048	0.7889184290699435	0.78882747695707
7KMI.qmean	0.8079000368123761	0.8106423862021639	0.806294441949815
7KMK.qmean	0.8080771405999942	0.7775311503944289	0.7763624207336767
7KML.qmean	0.814580484924642	0.7887231684487842	0.7866251875590037
7KMS.qmean	0.7188835141483914	0.6950128080370302	0.6946261559916095
7KMZ.qmean	0.7073420208151986	0.6797163189743127	0.6784372274519096
7KNB.qmean	0.7046675458794189	0.67755805832109	0.6788006187961647
7KNE.qmean	0.6940868691806433	0.665962281344627	0.6646167907625652
7KNH.qmean	0.704290553792133	0.677401247035733	0.6768919918410913
7KNI.qmean	0.7067570259247267	0.6828729294857161	0.6826810224400458
7KQB.qmean	0.7319108265330327	0.7198656045456684	0.7205229493225541
7KQE.qmean	0.7405091890946628	0.7242393189245431	0.7241508492527214
7KRQ.qmean	0.7195490536694553	0.7202475024681141	0.7192317047878977
7KRR.qmean	0.7171304580166645	0.710040182829292	0.7110286793470979
7KRS.qmean	0.71543659669883	0.7111239606185045	0.708818843884351
7KXJ.qmean	0.8090176424961932	0.7797263400356804	0.780039482750965
7KXK.qmean	0.8096052689005775	0.7836822600549005	0.7827892051672849
7KZB.qmean	0.6824887865379914	0.6997461164164266	0.6981011789178132
7L0N.qmean	0.7470996154803498	0.7447671809450364	0.7449350706498407
7L3N.qmean	0.7720755791588708	0.6804333857026238	0.6808664384355116
7L5B.qmean	0.6605000411438148	0.6628500122951292	0.664015339884948
7L7F.qmean	0.6895501613700072	0.6895417417115406	0.6910535938533532
7L7K.qmean	0.7061649922222849	0.671139733881847	0.671678351659388
7LJR.qmean	0.6796006593403688	0.6476302926659724	0.6470148277277803
7LO4.qmean	0.7465606080887095	0.7465848150540298	0.7487651376769713
7LWI.qmean	0.7438086373834	0.7025112117547999	0.7035978706589711
7LWJ.qmean	0.7189066677439921	0.6811157109302765	0.6806939124145702
7LWK.qmean	0.7557036636154979	0.7156706562633669	0.7144662795871568
7LWL.qmean	0.7478022505252809	0.7088462553683861	0.7087272281325401
7LWM.qmean	0.7429407642577139	0.70166787314161	0.7019364528358254
7LWN.qmean	0.7462553080935186	0.7033476982532235	0.7022057318929681
7LWO.qmean	0.7469401027050313	0.7005402804827414	0.6990871048400789
7LWP.qmean	0.7333534699221861	0.6923000371319928	0.6918986749934728
7LWQ.qmean	0.7265183525927562	0.6903714214669592	0.6881919092031764
7LWS.qmean	0.7472389328152911	0.7086373604405859	0.7087814458603371
7LWT.qmean	0.7436970470982278	0.7011099958376161	0.6993655531716796
7LWU.qmean	0.7478331895315203	0.7079736192084736	0.707753889005274
7LWV.qmean	0.7448700963926541	0.6979674360581788	0.696435711580513
7LWW.qmean	0.7358148080358942	0.6954302308245733	0.6956458822418228
7LX5.qmean	0.741114062832235	0.7411742413499804	0.7395331216650737
7LXW.qmean	0.8379057360205333	0.6943132139657453	0.6926517945283074
7LXX.qmean	0.8182233446725357	0.7241958282943426	0.7220563659079255
7LXY.qmean	0.7876740812265396	0.7865011174292664	0.786059024513637
7LXZ.qmean	0.7930246984629536	0.7972869151612776	0.7969931227308846
7LY0.qmean	0.8206146147001678	0.7215293000103429	0.7245273087963583
7LY2.qmean	0.7908527829337857	0.7867392817067227	0.7865966336610827
7LY3.qmean	0.8026118402017566	0.8061472426673056	0.8042120775106174
7LYK.qmean	0.7303628423719986	0.6950717993781679	0.6933198859157383
7LYL.qmean	0.7310567207596682	0.6937925410870394	0.6936513314573252
7LYM.qmean	0.7367867766625408	0.7008022002641421	0.7001959551196858
7LYN.qmean	0.7366765852243111	0.6920262303638822	0.6897639682910166
7LYO.qmean	0.7381230119633431	0.7013149474925641	0.6990564028298408
7LYP.qmean	0.7071004722827723	0.6665154607609306	0.6632948642058043
7LYQ.qmean	0.7390958125892891	0.6953361759686116	0.6959071473035412
7M0J.qmean	0.7191217277798212	0.6774443192928602	0.6761002402069244
7M3I.qmean	0.7496795653976236	0.747666231947611	0.7469476633357808
7M42.qmean	0.7436192940475527	0.7435545392264326	0.7432221625076164
7M71.qmean	0.7246301891258311	0.7246033885317811	0.7226828516699713
7M7B.qmean	0.7652360705764003	0.7645061888663954	0.7649074801966074
7M7W.qmean	0.7694073194806477	0.7704602308496298	0.7696044405578601
7M8K.qmean	0.7257655020395157	0.6953429051292693	0.6960323142931193
7MDW.qmean	0.6422010739940245	0.6432426106397279	0.645622970320482
7ME7.qmean	0.5957785252903447	0.5957482576224552	0.5993147850690244
7MFU.qmean	0.7865630055480822	0.7889898071249566	0.7899762345010115
7MJG.qmean	0.7608680159453574	0.7382179692422244	0.7383250814109392
7MJH.qmean	0.7675198922760498	0.7487262516293268	0.7484100738164766
7MJI.qmean	0.7664179446260642	0.7663954171036478	0.7635283170137543
7MJJ.qmean	0.7597407565892009	0.7386233407000076	0.7378721165246827
7MJK.qmean	0.7628037504378977	0.7455548080759181	0.743916486843082
7MJL.qmean	0.7401286611441	0.7420244519127195	0.7442197648594706
7MJM.qmean	0.7556362480077181	0.737952454043735	0.7382527228777213
7MJN.qmean	0.7274573230224283	0.7274582040829113	0.7267288962452819
7MKL.qmean	0.7505544837587556	0.7124633397599751	0.7110674955699476
7MKM.qmean	0.656709209333617	0.6569718598240579	0.6576168222823346
7MMO.qmean	0.7656802050044091	0.7667352131290301	0.7643487564945489
7MSQ.qmean	0.7803194353000916	0.7761815213075828	0.7752476895957554
7MTC.qmean	0.75743764440244	0.6776717672059271	0.6750031695635912
7MTD.qmean	0.7302035555300836	0.6055198718358435	0.6061881380955991
7MTE.qmean	0.7379417889884223	0.6323151955692736	0.6332204772322686
7MW2.qmean	0.73925943399482	0.7119891513761935	0.7099020239415337
7MW3.qmean	0.7355645992202791	0.7123904162116532	0.7126991635654829
7MW4.qmean	0.7333971172142226	0.7099171859858951	0.709251927810176
7MW5.qmean	0.6882390392946773	0.6632039188949501	0.6607751176361
7MW6.qmean	0.7053220531525115	0.6749394492759587	0.6735370439349919
7MZG.qmean	0.7913034889580857	0.8004768882938078	0.7998183769545766
7MZH.qmean	0.7845444942102889	0.7900071627600037	0.7922664358090943
7MZI.qmean	0.7967366746269212	0.7978372081750629	0.7991593585085136
7MZJ.qmean	0.7593293615155849	0.7688409852552981	0.7687328546547612
7MZK.qmean	0.7791876788210153	0.785381279720297	0.7858623979035186
7MZL.qmean	0.7153516766454293	0.7278604581869539	0.7237555620889309
7MZM.qmean	0.7703060622347113	0.7778800917502119	0.7783620022934232
7MZN.qmean	0.7535662997182455	0.7582251002933651	0.7588186501239051
7N0G.qmean	0.7523343464737936	0.7285870095959947	0.7276259040981959
7N0H.qmean	0.7479563163835379	0.7243199366892296	0.7244308759026965
7N1Q.qmean	0.7222174134669795	0.7084337791589312	0.7085550920576897
7N1T.qmean	0.7121555956164183	0.7055055669395842	0.7078853855273928
7N1U.qmean	0.7261759737056265	0.7113762202977233	0.7130229374450359
7N1V.qmean	0.7270580337647546	0.7156741915782429	0.714528178279013
7N1W.qmean	0.7225465850994828	0.7060432327657485	0.7053935720104159
7N1X.qmean	0.6989242051813178	0.6835081805083192	0.6833244461976649
7N1Y.qmean	0.6943058245133347	0.6807174336423734	0.6777705926197846
7N4I.qmean	0.7625741447135379	0.7626745796830235	0.7636748847291499
7N4J.qmean	0.7830161913881468	0.78323668741053	0.7834971631569775
7N4L.qmean	0.6909240776685377	0.6815315887489255	0.6820628111324193
7N62.qmean	0.6866586421716417	0.6867435798106486	0.6836756408692635
7N8H.qmean	0.7884169679105628	0.7862096507562693	0.7867586287696486
7N8I.qmean	0.8362412712780899	0.7853462789239463	0.7834337213815119
7N9A.qmean	0.6697092615704268	0.6702064451143066	0.6708920914885137
7N9B.qmean	0.7148654491512325	0.675346285470334	0.6749625910795986
7N9C.qmean	0.7185795934038965	0.6535831642818568	0.6544876520333873
7N9E.qmean	0.724084940322619	0.655693541018383	0.6557698956561478
7N9T.qmean	0.6836827211498747	0.6836504837172401	0.6815352688093251
7ND3.qmean	0.7513066978124863	0.7123225269845056	0.7087584337693953
7ND4.qmean	0.7715711858441037	0.7408330111926877	0.7407597683260418
7ND5.qmean	0.755745616106535	0.7184464821202415	0.7171783751523817
7ND6.qmean	0.7551809377196511	0.7172877367728439	0.716262657355383
7ND7.qmean	0.7875689356335218	0.7532368526064007	0.7511770060869515
7ND8.qmean	0.7878540092606272	0.7522191406966242	0.7530481490640393
7ND9.qmean	0.7428034293369672	0.7190651160794441	0.7206826486781006
7NDA.qmean	0.7718267356863218	0.7364457250559681	0.7356967920733714
7NDB.qmean	0.7449550414890813	0.7168637123355734	0.7138372901712611
7NDC.qmean	0.7660995226730642	0.7465653039166997	0.7451836560501861
7NDD.qmean	0.7616162640556221	0.73837181692896	0.7377162866037106
7NEH.qmean	0.8130525841793106	0.8132171091086806	0.8143709885158885
7NP1.qmean	0.7656235018150527	0.762570893197134	0.7612609809386729
7NS6.qmean	0.7297773891460004	0.7148526268495573	0.7162855936959273
7NT9.qmean	0.7400893590874618	0.7233245069790848	0.7220712836904074
7NTA.qmean	0.7345039204003865	0.7155991454338171	0.7150194747266633
7NTC.qmean	0.7170992426408969	0.7010644967777729	0.7001318297676814
7NX6.qmean	0.7899290202571011	0.790425711431833	0.7902900062779066
7NX7.qmean	0.7864077943310763	0.7888489674277364	0.7906409497720392
7NX8.qmean	0.7867654556184579	0.7867827884410068	0.7882246318487898
7NX9.qmean	0.7888810424863812	0.7886282905645529	0.790083087743382
7NXA.qmean	0.7868430009341116	0.7891274811007892	0.7879884340874549
7NXB.qmean	0.778154295448676	0.7807862327419253	0.7807812263609889
7NXC.qmean	0.7360784537373986	0.7364433267835592	0.7363579627994276
7OAN.qmean	0.7262604682665861	0.7047644203934303	0.7041081033391037
7OD3.qmean	0.7486472403931016	0.7163899875362949	0.7176993826838414
7ODL.qmean	0.7371991224306077	0.7070530710851302	0.7067852742099602
7OLZ.qmean	0.7892630615877505	0.7952901403890452	0.8005347012783037
7OR9.qmean	0.7976117273110166	0.7998788855239565	0.8010500494178616
7ORA.qmean	0.7870759748437202	0.7871327480010601	0.7881649087412059
7ORB.qmean	0.796453008176064	0.7960755378865045	0.7958064352555285
7P7A.qmean	0.7265645858912564	0.6670781542224024	0.6661465395250158
7P7B.qmean	0.725830974103524	0.7106310064165033	0.7104112864646414
7PKI.qmean	0.737469694732203	0.7375603202057669	0.7376780448034093
7PQY.qmean	0.7593131376336771	0.7584300349350944	0.7605807600888256
7PQZ.qmean	0.7628892705675199	0.7610758089462628	0.7601562821051681
7PR0.qmean	0.7491282392069157	0.7436261376331248	0.7437275534740954
7PRY.qmean	0.7475815242951203	0.7493838720055046	0.7470463108256208
7PRZ.qmean	0.7429832512083618	0.7440348910240429	0.7438315819024266
7PS0.qmean	0.7703009765178134	0.7690444983576128	0.7701976931488532
7PS1.qmean	0.7913856381408046	0.7912274638415431	0.7941382973474506
7PS2.qmean	0.7555104517739952	0.7547314811637236	0.7534140049888558
7PS4.qmean	0.7823777125275198	0.7833646129833067	0.783196366296652
7PS5.qmean	0.7445827194366688	0.7424767577141971	0.7441658313200141
7PS6.qmean	0.8001525433976142	0.8005061116561067	0.8005483224322341
7PS7.qmean	0.7254606971037568	0.7292689983065772	0.7281423938551836
7Q0A.qmean	0.7471916932711887	0.7107007852190561	0.7097715789061761
7Q0G.qmean	0.8061653571919771	0.8071507384542755	0.8089164903594219
7Q0H.qmean	0.7766659595559688	0.775505777274936	0.7754088218731156
7Q0I.qmean	0.7681593888439665	0.7643467481521433	0.7653242378655695
7Q1Z.qmean	0.7692948029286759	0.7235661520777846	0.7244695621236008
7Q6E.qmean	0.7634174790244536	0.7308685701106116	0.7301948262722111
7Q9F.qmean	0.7486313373785686	0.7230361525739323	0.723764603327489
7Q9G.qmean	0.7523676064198106	0.7342954851942056	0.7334796965171911
7Q9I.qmean	0.7601990918246089	0.7415648681661768	0.7414533428794532
7Q9J.qmean	0.7644583868244181	0.7381952178887888	0.737628579311708
7Q9K.qmean	0.7748690699065905	0.7352693528095284	0.7346472348557727
7Q9M.qmean	0.738778651009318	0.7060825376934889	0.7060256449429921
7Q9P.qmean	0.7258946704224202	0.7019821815798001	0.7016793113427771
7QO7.qmean	0.6844798967541301	0.681531679172361	0.6798174947450148
7QO9.qmean	0.635735859338143	0.4905212492730209	0.4911480620521418
7R0Z.qmean	0.7373683261523335	0.7322431191697846	0.7324548627448119
7R10.qmean	0.7405111561546475	0.7278155487324592	0.7265585351099699
7R11.qmean	0.7264603453443566	0.726674669628682	0.7277794225252561
7R12.qmean	0.7333474070305854	0.7310735821291074	0.7328280025284282
7R13.qmean	0.7437288781639251	0.6974076974496322	0.6946955777065721
7R14.qmean	0.716628038005362	0.6717524638187083	0.6716898521401924
7R16.qmean	0.7172516902126337	0.6800272235039748	0.681410083366262
7R17.qmean	0.7294188148505945	0.7027769483717502	0.7022144001054412
7R18.qmean	0.7402865916282813	0.7174439513628029	0.7162670509357341
7R19.qmean	0.7273740297095674	0.7070939447094535	0.706670915716447
7R1A.qmean	0.7197499290052486	0.6996906340324499	0.6995549530989272
7R1B.qmean	0.7429942077384535	0.719851103672148	0.7185362367941623
7R6W.qmean	0.8045369470672199	0.8037048557645692	0.8048203245493557
7R6X.qmean	0.7536531123261013	0.7361464644606506	0.7363454454461664
7R7N.qmean	0.7610284648614094	0.7838773093286253	0.7813374983968953
7R8N.qmean	0.711802426736015	0.6954905303812167	0.6954050994814172
7RA8.qmean	0.7541527602365435	0.7358884233222674	0.734003481331118
7RAL.qmean	0.7619941153502876	0.7676076983871002	0.7637958094943513
7RKV.qmean	0.7486493650640996	0.7306463161076858	0.7294936145999644
7RPV.qmean	0.7092652438647464	0.7044553304396355	0.7051560862654949
7RR0.qmean	0.7227480607121403	0.7244466934373164	0.7229100940824248
7RXD.qmean	0.7504179525443064	0.7239437811265472	0.7238191974355768
7S0B.qmean	0.7679563392395323	0.7695302735840465	0.7702813169071456
7S0C.qmean	0.7552549854110704	0.7162052808735765	0.7155900889246958
7S0D.qmean	0.71354369968835	0.6920163746920824	0.6919153718590879
7S0E.qmean	0.668985068775465	0.6550811254295571	0.6570064594820516
7SBK.qmean	0.7084335405960535	0.6937849245611658	0.6977740576857797
7SBL.qmean	0.7055381663698349	0.693043063307355	0.6936769876768016
7SBO.qmean	0.6920766741051394	0.6808529731906197	0.6803063710711649
7SBP.qmean	0.70922683309378	0.7035505779382565	0.7015052806213364
7SBR.qmean	0.697859938032448	0.686508276901754	0.6870297542694178
7SBS.qmean	0.7050251027562034	0.6989064583624094	0.6990119038507332
7SBT.qmean	0.6961958104336055	0.6890504959494509	0.6894410309715463
7SO9.qmean	0.8092840219055079	0.790322851368052	0.7891397692455022
7SOA.qmean	0.8313875365202095	0.8148290849263874	0.8130331513266846
7SOB.qmean	0.7624320033261928	0.7886443314060256	0.7905392438342471
7SOC.qmean	0.8007862462410966	0.8011848613986517	0.7996279245926007
7SOD.qmean	0.8275843128214769	0.7940076695528319	0.7920196250814825
7SPO.qmean	0.7620628930063641	0.7659621478310655	0.7655225635777805
7SPP.qmean	0.763468099648778	0.7638711373897168	0.7650495859177051
7SXS.qmean	0.7589273944341451	0.7320558675339227	0.7333815996559365
7SXT.qmean	0.7584031252668828	0.7330496104469248	0.7346039110466774
7SXU.qmean	0.7582745089383701	0.7333381663493582	0.7327800608751657
7SXV.qmean	0.7578463942177295	0.7344800746751754	0.7344873461813014
7SXW.qmean	0.7577165390896494	0.736872377618674	0.7360543573919167
7SXY.qmean	0.7379772117275541	0.7379815854836494	0.7369842310177404
7SY0.qmean	0.7441636294422178	0.7441695131511599	0.7402082205583178
7SY2.qmean	0.7410411937243839	0.7410371616955611	0.737722124742658
7SY3.qmean	0.7635465540942811	0.6689267347915583	0.6681282114763245
7SY4.qmean	0.7418460027491167	0.7418624103677993	0.7380814726605126
7SY5.qmean	0.7532803116506422	0.738836806906942	0.7390098390375078
7SY6.qmean	0.7416374760175395	0.7416366789364749	0.7414195242287986
7SY8.qmean	0.7376681941220218	0.737647251514946	0.7397858841907579
7T9J.qmean	0.7649793700909154	0.6538809533339371	0.6513156842722105
7T9K.qmean	0.7561905378889977	0.7034711906137363	0.7038508811084967
7T9L.qmean	0.7389660873240123	0.7389657580941645	0.7402139480932919
7TAS.qmean	0.7650460997542969	0.7701374115919568	0.7693504505962561
7TAT.qmean	0.7456657114863274	0.756535203327098	0.754857675856943
7TEW.qmean	0.7415341497799028	0.7415114130893123	0.7421466940200467
7TEY.qmean	0.7680208238794163	0.6510869104302549	0.6494716468814339
7TEZ.qmean	0.7399508354002703	0.739942794674001	0.73984318053991
7TGE.qmean	0.7374840972102358	0.6208385150698666	0.622296657032724
7TGW.qmean	0.7150824455403888	0.7102347449770808	0.7112731290995638
7TGX.qmean	0.7213792246113313	0.7091066294279773	0.7102107479142752
7TGY.qmean	0.7116391827803242	0.7036449948997031	0.7027690804667015
7TLA.qmean	0.7298947175593659	0.6882620812051765	0.6875001985679948
7TLB.qmean	0.7367074474555589	0.6919686451930748	0.691297163415457
7TLC.qmean	0.7294420363431056	0.6918384387391026	0.6900058320377124
7TLD.qmean	0.7428713348813695	0.6969074396927186	0.6952455729250504
7TLY.qmean	0.7873905222384505	0.7944292169686495	0.7916902103098853
7TLZ.qmean	0.8118100088400273	0.8272330710319802	0.8301777167948321
7TM0.qmean	0.7420702499885825	0.8387910476185453	0.838105201563329
7TN0.qmean	0.7676319761777873	0.7790402762470912	0.7781997030730163
7TOU.qmean	0.7289480526425249	0.6965791427037202	0.6974714202049594
7TOV.qmean	0.7133376264743203	0.6671782438872247	0.668909310331467
7TOX.qmean	0.7218760579001876	0.6982817138616019	0.6976084561987221
7TOY.qmean	0.7154884126116521	0.6960010838470762	0.6964944370647038
7TOZ.qmean	0.6813115964582576	0.6501852813889306	0.6503104525697474
7TP0.qmean	0.7273737191540053	0.6976262714364718	0.696338610647898
7TP1.qmean	0.7087079435819222	0.6708095659426094	0.6713650740404928
7TP2.qmean	0.7179727995038543	0.686482101464051	0.686107342394614
7TP3.qmean	0.7855882810000809	0.7861538471592466	0.7836741409393144
7TP4.qmean	0.7868726936522307	0.7883088928854447	0.7865908523277667
7TP7.qmean	0.7071368553120039	0.665919656429063	0.6641249338668378
7TP8.qmean	0.7082849277801317	0.6757311791937964	0.6738214197087693
7TP9.qmean	0.6989481741471447	0.6587353132041297	0.6570984131117866
7TPA.qmean	0.7043836717622073	0.6553623274149326	0.6571152776607319
7TPC.qmean	0.667155281543113	0.6273618247287608	0.6253049987949669
7TPE.qmean	0.6849428997127254	0.6421411453111677	0.6418602047112357
7TPF.qmean	0.7101177211007034	0.6696814297115324	0.6682162620912859
7TPH.qmean	0.6772882998383415	0.6392990797102748	0.6387531848668482
7TPL.qmean	0.6863375961380005	0.6623991362892433	0.6621276352705128
7V26.qmean	0.6827620161350135	0.6745539576212609	0.6745297556681955
7V2A.qmean	0.6921487758413496	0.6594110619431606	0.659339370714423
7V76.qmean	0.7281086544115078	0.7001517262141358	0.6990373257736812
7V77.qmean	0.7178844460876422	0.6936887247302186	0.6948479071045112
7V78.qmean	0.7244268411532228	0.6969669275200123	0.6958704328210507
7V79.qmean	0.7224487751425135	0.7004890310071423	0.7000225629864447
7V7A.qmean	0.7249412842670723	0.6997074098577156	0.6998067650379323
7V7D.qmean	0.7355508666563627	0.7048864227414524	0.7032703922729894
7V7E.qmean	0.7331372100992583	0.7006627505968582	0.7002918590547922
7V7F.qmean	0.7355834413188843	0.7068460094294688	0.7048741160562295
7V7G.qmean	0.725284651560214	0.6936784329086656	0.6924293634903604
7V7N.qmean	0.7255398332764187	0.6984434073213165	0.6972063022420396
7V7O.qmean	0.7296403451435288	0.6998516409212487	0.6994133400413546
7V7P.qmean	0.7345474255284851	0.7010532475077973	0.7009311161735988
7V7Q.qmean	0.7355480454230123	0.7033643235596252	0.7020365708910808
7V7R.qmean	0.7383409431858559	0.7077484487106368	0.7078464464834106
7V7S.qmean	0.7316283565392099	0.6973274698595859	0.6964555734808927
7V7T.qmean	0.7332396839848259	0.6966079579119547	0.6965971403540171
7V7U.qmean	0.7346521149425449	0.6945143383932255	0.6940719794712323
7V7V.qmean	0.7366873421363942	0.7044436611489755	0.70531724768295
7V7Z.qmean	0.7009904928631384	0.6848864058368913	0.6846391113203456
7V80.qmean	0.6970164067411161	0.6970318627048137	0.695997025355708
7V81.qmean	0.7165078561978782	0.6979129638741634	0.6965509591917219
7V82.qmean	0.7166577894163237	0.6981992178677221	0.6980164929541458
7V83.qmean	0.7200900187193309	0.7010053338376665	0.7015689091840555
7V84.qmean	0.7183586443282124	0.7185149482853067	0.7183565465645898
7V85.qmean	0.7069660536562117	0.6846754518464461	0.6844244826166163
7V86.qmean	0.723413398748116	0.7028840037111033	0.7012375548662542
7V87.qmean	0.7130500032013445	0.7132673270318345	0.7110656428407088
7V88.qmean	0.7166377535698298	0.690924835993591	0.6910660011839878
7V89.qmean	0.7321977393207894	0.7120209393584196	0.710336609526625
7V8A.qmean	0.7281330318644695	0.7050569878218497	0.7051215438468968
7V8B.qmean	0.7096848612583153	0.7098029584847312	0.7127780309690721
7V8C.qmean	0.7122910670862873	0.6813656623060154	0.6808459502020138
7VMU.qmean	0.7407890520896636	0.7175159387083495	0.7174259061866998
7VNB.qmean	0.7642986022387049	0.7642694648018807	0.7762366957027015
7VNC.qmean	0.703460119158578	0.6881886798809304	0.6879770310504313
7VND.qmean	0.6993935592041243	0.6856526907211401	0.6841166881000017
7VNE.qmean	0.7077024259413274	0.6910213599598802	0.6922687213259233
7VX1.qmean	0.7423664704639081	0.7242903212586106	0.7241631484541813
7VX4.qmean	0.721107721132553	0.7211919473632978	0.7208884823594548
7VX5.qmean	0.732512209877151	0.7325474356716766	0.7344367479071229
7VX9.qmean	0.7331172278422793	0.7186738229465892	0.7185471049590413
7VXA.qmean	0.7357646951293189	0.7191379531704133	0.7189668076647031
7VXB.qmean	0.7387314498927684	0.719636571665769	0.7196497475015995
7VXC.qmean	0.7373428797083523	0.720914689922199	0.7203442235897493
7VXD.qmean	0.7377105246349303	0.7205854654913891	0.7189996650746623
7VXE.qmean	0.7426197059198724	0.7216421115483719	0.721581983848942
7VXF.qmean	0.7339109263026611	0.7213424202468621	0.7208307494918482
7VXI.qmean	0.7414426098646992	0.7177195980817037	0.7149528741054975
7VXK.qmean	0.7434590065276183	0.7237608239271981	0.7219267954960991
7VXM.qmean	0.7349151268455335	0.7179054819881925	0.7174963030852675
7VYR.qmean	0.7868407893793387	0.7870543561829066	0.7850561134875917
7W92.qmean	0.7219648290405765	0.7032828029136736	0.7028014984399739
7W94.qmean	0.7176648883860727	0.7045299564613694	0.7028605278966815
7W98.qmean	0.7514159514229878	0.7319144022905094	0.7342485143344153
7W99.qmean	0.7503023457952481	0.728920559100842	0.728627977731544
7W9B.qmean	0.7570882691123004	0.7350229433434347	0.7352309430574475
7W9C.qmean	0.7518824599109057	0.7300517947449785	0.7312767161763243
7W9E.qmean	0.7213129116967805	0.7054258555092818	0.7074313549248978
7W9F.qmean	0.6975632868457922	0.6978535114443203	0.6984856348286889
7W9I.qmean	0.6999411454222142	0.700032901345298	0.7005956018802353
7WBL.qmean	0.739451654506023	0.7394798873779894	0.7396232209425129
7WBP.qmean	0.7418705175884182	0.7419551528490143	0.7424249816602604
7WBQ.qmean	0.7400877721971781	0.7397236515932666	0.7378701688863918
7WCR.qmean	0.7235339201241849	0.7237431196691677	0.7222696698095967
7WCZ.qmean	0.7522454914430209	0.7344747188922961	0.7346863365726808
7WD0.qmean	0.7494617966896618	0.7352490274580126	0.7352819640122852
7WD7.qmean	0.7279349638635745	0.7150458988835349	0.7164934817358304
7WD8.qmean	0.7469344634044196	0.7468323286586622	0.7471119112449833
7WD9.qmean	0.7366003514654642	0.7242644054707694	0.724998252825546
7WDF.qmean	0.7447368582182794	0.731015099593076	0.7318860221850487
7WEV.qmean	0.7523735253924668	0.7292984038797392	0.7286010840592207
7WK2.qmean	0.7389906427276525	0.7192245443208121	0.719167994634059
7WK3.qmean	0.7455888602131173	0.7272710166419781	0.7263685542480312
7WK4.qmean	0.7238933677867032	0.7084754765533838	0.7079544724007613
7WK5.qmean	0.7207483288100361	0.700509234813696	0.7006727242034458
7WK6.qmean	0.6979989894394462	0.698111922743865	0.6948659885955478
7WK8.qmean	0.7194423494847842	0.7195543839297922	0.7185466392394303
7WK9.qmean	0.7358375878015119	0.7163624738221366	0.7152456176130865
7WKA.qmean	0.7326215848603023	0.7189604186720953	0.7181733491265232
7WP9.qmean	0.7022729974783752	0.685868133558294	0.6848837274106657
7WPA.qmean	0.7100633791358631	0.6958817241262384	0.6948970458870045
7WPB.qmean	0.7272081126179919	0.7272073487039946	0.725460975734342
7WPC.qmean	0.719116626690181	0.7212627820979607	0.7184827280548187
7WPD.qmean	0.7385035426987834	0.7184220564466284	0.716225184559753
7WPF.qmean	0.7334920103118662	0.7149813591166548	0.7148530434871228
7WUE.qmean	0.6453316082615886	0.6456304882623418	0.6468637122555246
7WVN.qmean	0.7380962774774021	0.7199424701932149	0.7191419462469105
7WVO.qmean	0.7437582758758021	0.6749105172351072	0.6737258548597433
7X08.qmean	0.7313485074848293	0.724899293816903	0.7230060230816742
