1J36	0.503934	1196	9800	0.500588	1214	9938
1J37	0.504647	1196	9800	0.500826	1214	9938
1J38	0.503094	1196	9800	0.498773	1214	9938
1O86	0.548561	575	4664	0.53969	590	4804
1R42	0.519694	597	4871	0.511582	615	4999
1R4L	0.494701	597	4853	0.488589	615	4999
2AJF	0.509847	1542	12546	0.507642	1554	12638
2C6F	0.51382	1223	9736	0.519203	1224	9974
2C6N	0.474076	1221	9412	0.50815	1224	9974
2DD8	0.544103	624	4740	0.525752	660	5031
2GHV	0.51078	366	2944	0.476268	406	3228
2GHW	0.567375	842	6614	0.55099	900	6950
2H1J	0.532032	1129	9337	0.491993	1134	9368
2H1N	0.54125	1132	9358	0.49248	1134	9368
2IUL	0.551047	583	4755	0.548962	591	4820
2IUX	0.542396	577	4687	0.534703	591	4818
2OC2	0.541989	583	4751	0.538644	591	4816
2X8Y	0.530036	595	4853	0.528467	598	4877
2X8Z	0.526396	598	4873	0.526346	598	4877
2X90	0.526562	598	4873	0.526357	598	4877
2X91	0.533101	595	4853	0.531391	598	4877
2X92	0.527094	598	4873	0.526462	599	4883
2X93	0.526334	598	4873	0.525906	599	4883
2X94	0.525145	598	4873	0.524579	599	4883
2X95	0.526888	598	4873	0.526188	599	4883
2X96	0.526856	598	4873	0.526642	598	4877
2X97	0.53018	598	4873	0.530052	598	4877
2XHM	0.525223	598	4873	0.525032	598	4877
2XY9	0.550794	581	4738	0.549497	585	4769
2XYD	0.54751	1214	9856	0.549411	1220	9958
2YDM	0.549533	574	4687	0.541265	589	4802
3BGF	0.560091	1211	9411	0.555148	1250	9698
3BKK	0.560164	586	4777	0.558168	591	4815
3BKL	0.548446	582	4749	0.5463	591	4815
3D0G	0.51929	1540	12522	0.513461	1552	12614
3D0H	0.505899	1540	12522	0.50261	1552	12614
3D0I	0.508966	1540	12518	0.504935	1552	12610
3L3N	0.553658	575	4689	0.54287	591	4815
3NXQ	0.548718	1217	9844	0.529749	1258	10266
3SCI	0.503734	1542	12548	0.47503	1662	13514
3SCJ	0.506414	1542	12540	0.496991	1578	12874
3SCK	0.493435	1540	12514	0.485712	1576	12848
3SCL	0.505903	1540	12518	0.497342	1576	12852
3ZQZ	0.527367	596	4851	0.525244	598	4877
4AA1	0.534519	602	4911	0.534824	606	4951
4AA2	0.534042	604	4923	0.527799	609	4961
4APH	0.547656	588	4808	0.540633	597	4874
4APJ	0.535372	591	4825	0.53229	599	4875
4ASQ	0.524018	601	4903	0.517698	607	4952
4ASR	0.522687	601	4903	0.516201	607	4953
4BXK	0.548307	1214	9885	0.537877	1258	10266
4BZR	0.547358	581	4726	0.543875	589	4800
4BZS	0.540563	1222	9941	0.531531	1258	10250
4C2N	0.540486	581	4751	0.537194	589	4802
4C2O	0.550828	586	4777	0.549254	589	4799
4C2P	0.546974	582	4749	0.546118	589	4798
4C2Q	0.548513	586	4772	0.547723	589	4798
4C2R	0.542503	584	4764	0.541571	589	4798
4CA5	0.548672	586	4778	0.547744	589	4800
4CA6	0.553056	1216	9917	0.553374	1220	9958
4CA7	0.529936	596	4862	0.528388	598	4877
4CA8	0.526744	598	4873	0.526543	598	4877
4KQZ	0.517255	416	3216	0.447693	502	3874
4KR0	0.546839	936	7571	0.526166	990	7994
4L3N	0.51668	419	3233	0.505901	432	3362
4L72	0.538375	932	7540	0.538375	932	7540
4QZV	0.561434	1870	15108	0.54603	1960	15834
4UFA	0.552039	1216	9910	0.540535	1260	10284
4UFB	0.556084	2432	19820	0.540332	2516	20532
4XAK	0.549708	1286	9745	0.512123	1436	10864
4ZPV	0.564086	1265	9705	0.562523	1276	9796
4ZPW	0.519078	416	3222	0.519078	416	3222
4ZS6	0.560536	1276	9786	0.542697	1338	10260
5A2R	0.531143	597	4872	0.530882	598	4878
5AM8	0.555669	2436	19874	0.536209	2544	20776
5AM9	0.554761	2436	19882	0.54496	2516	20532
5AMA	0.552499	2432	19815	0.540989	2516	20532
5AMB	0.553969	1218	9920	0.524912	1274	10366
5AMC	0.555952	1216	9906	0.540477	1260	10274
5DO2	0.568799	1274	9784	0.533071	1368	10494
5E3X	0.556575	489	4052	0.556575	489	4052
5GMQ	0.549879	639	4863	0.525948	675	5135
5GNB	0.511034	364	2853	0.507691	371	2905
5GYQ	0.562807	169	1333	0.551173	176	1401
5KWB	0.511559	364	2853	0.507955	371	2905
5W9H	0.49405	4257	32958	0.200405	9327	72123
5W9J	0.475047	4257	32958	0.183005	9327	72123
5W9K	0.487277	4244	32873	0.184001	9327	72123
5W9L	0.485886	4020	31118	0.188203	8876	68670
5W9M	0.486187	4021	31126	0.186668	8876	68670
5W9N	0.486405	4021	31126	0.181318	8876	68670
5W9O	0.484119	4257	32958	0.186365	9327	72123
5X58	0.471054	3159	24677	0.36692	3684	28884
5X59	0.449997	3423	26400	0.351062	3969	30789
5X5B	0.466542	3139	24541	0.33423	3684	28884
5X5C	0.447834	3423	26400	0.352942	3969	30789
5X5F	0.449479	3423	26404	0.346915	3969	30789
5XGR	0.56817	1584	12304	0.556523	1632	12784
5XLR	0.44503	3066	23901	0.368852	3609	28233
5YY5	0.552287	855	6564	0.555712	855	6564
6ACC	0.476499	3195	24906	0.4164	3609	28251
6ACD	0.466894	3187	24845	0.389221	3609	28251
6ACG	0.426674	3784	29715	0.360694	4212	33181
6ACJ	0.463282	3784	29715	0.410162	4212	33181
6ACK	0.457028	3784	29715	0.402242	4212	33181
6C6Y	0.557619	1268	9698	0.557461	1280	9782
6C6Z	0.549219	1251	9519	0.522447	1376	10418
6CRV	0.539333	2643	20499	0.370801	3708	28998
6CRW	0.501082	3204	25015	0.417816	3645	28455
6CRX	0.501544	3203	25015	0.429254	3645	28455
6CRZ	0.489539	3205	25024	0.420713	3645	28455
6CS0	0.489539	3205	25024	0.420713	3645	28455
6CS1	0.484062	3202	25008	0.404157	3645	28455
6EN5	0.553219	2433	19869	0.537399	2516	20532
6EN6	0.551172	2430	19849	0.5417	2516	20532
6F9R	0.558112	1211	9890	0.539217	1258	10264
6F9T	0.542593	585	4771	0.541358	590	4809
6F9U	0.553105	586	4777	0.549642	591	4815
6F9V	0.555335	1209	9883	0.541454	1258	10264
6H5W	0.547476	585	4771	0.544842	590	4809
6H5X	0.559898	1214	9914	0.546189	1258	10264
6LZG	0.533372	791	6405	0.527438	805	6521
6M0J	0.536918	791	6406	0.51903	832	6761
6M17	0.508697	3074	24718	0.476768	3384	27100
6M1D	0.37949	2706	21776	0.352813	2936	23540
6NB3	0.54056	3757	28921	0.445037	4549	35010
6NB4	0.522226	3315	25183	0.413858	4313	33243
6NB7	0.287898	3828	22941	0.523787	3828	29967
6NZK	0.564642	3525	27450	0.47807	3966	30855
6OHW	0.56462	3525	27450	0.491193	3966	30855
6POO	0.385675	273	2158	0.343146	273	2158
6Q04	0.545378	3477	26856	0.477715	4077	31476
6Q05	0.54473	3477	26856	0.468217	4077	31476
6Q06	0.545391	3477	26856	0.465645	4077	31476
6Q07	0.544799	3477	26856	0.469218	4077	31476
6QS1	0.558731	1226	10009	0.541173	1278	10416
6S1Y	0.535744	595	4861	0.519088	621	5085
6S1Z	0.51435	585	4776	0.49404	621	5085
6TT1	0.549763	1200	9774	0.534287	1258	10258
6TT3	0.554582	1206	9854	0.539379	1258	10258
6TT4	0.553182	1215	9915	0.543443	1258	10258
6VSB	0.492964	2905	22000	0.394689	3864	30108
6VSJ	0.481777	3687	28584	0.396051	4449	34755
6VW1	0.533443	1579	12782	0.525772	1628	13170
6VXX	0.537737	2916	22812	0.406299	3843	29904
6VYB	0.513685	2875	21539	0.40805	3843	29904
6W41	0.556948	638	4906	0.533572	674	5202
6WAQ	0.529705	626	4933	0.539463	636	5008
6WAR	0.523177	2647	20170	0.49878	2872	21920
6WPS	0.538236	3540	27105	0.438314	4545	35271
6WPT	0.485271	3277	23436	0.43074	4311	33482
6X29	0.505677	2916	22806	0.399699	3819	29751
6X2A	0.515176	2875	21562	0.414588	3819	29772
6X2B	0.495278	2861	21120	0.402236	3819	29772
6X2C	0.531412	2913	22800	0.42159	3819	29772
6X6P	0.50586	3051	23817	0.394483	3822	29775
6X79	0.52951	2850	21537	0.42819	3843	29898
6XC2	0.55804	1246	9556	0.535756	1336	10256
6XC3	0.578791	1065	8135	0.566502	1111	8489
6XC4	0.573927	1253	9632	0.552654	1332	10264
6XC7	0.576882	1065	8152	0.56748	1109	8493
6XCM	0.498637	3390	25949	0.377282	4669	36224
6XCN	0.502315	3636	27834	0.376058	5115	39561
6XDG	0.503729	1043	7948	0.476259	1132	8632
6XE1	0.563697	636	4862	0.511156	710	5431
6XEY	0.493232	3788	27615	0.445599	4560	35391
6XF5	0.513642	3027	23646	0.427006	3765	29319
6XF6	0.494489	2928	22112	0.399889	3765	29319
6XKL	0.511539	2920	22195	0.421028	3864	30114
6XKP	0.531252	1253	9177	0.539512	1358	10362
6XLU	0.518208	3178	24830	0.433936	3825	29802
6XM0	0.494512	3125	24411	0.413375	3825	29802
6XM3	0.508098	3143	24538	0.425719	3825	29802
6XM4	0.511104	3143	24538	0.423465	3825	29802
6XM5	0.499718	3149	24581	0.419979	3825	29802
6YLA	0.56828	1273	9812	0.556815	1324	10242
6YM0	0.558702	634	4885	0.54844	661	5114
6YOR	0.573575	1260	9710	0.56275	1304	10064
6YZ5	0.529985	322	2533	0.513703	344	2731
6Z2M	0.5639	1516	11699	0.562221	1518	11716
6Z43	0.525128	3351	25801	0.421247	4317	33630
6Z97	0.521393	2975	22781	0.414891	3864	30108
6ZB4	0.519892	3133	24403	0.429244	3777	29538
6ZB5	0.524394	3096	24075	0.428367	3777	29538
6ZCZ	0.568846	754	5819	0.552517	797	6162
6ZDG	0.537776	1884	14511	0.534882	1905	14658
6ZDH	0.541899	4308	33372	0.454223	5187	40158
6ZER	0.556215	1896	14585	0.552454	1932	14865
6ZFO	0.565999	1252	9650	0.560352	1270	9772
6ZGE	0.528357	3294	25761	0.464412	3861	30057
6ZGF	0.52105	3180	24870	0.434548	3849	29973
6ZGG	0.486397	3207	25096	0.416984	3861	30087
6ZGH	0.495012	3032	23720	0.401229	3861	30087
6ZGI	0.531195	3294	25761	0.46203	3861	30087
6ZHD	0.536254	3353	25985	0.419881	4266	33291
6ZOW	0.506752	2862	22323	0.280342	5152	40144
6ZOX	0.516201	3051	23814	0.433575	3741	29238
6ZOY	0.511898	3063	23913	0.411398	3741	29223
6ZOZ	0.500175	3231	25173	0.409065	3741	29223
6ZP0	0.520099	3090	24117	0.434905	3741	29235
6ZP1	0.507049	3051	23823	0.417525	3741	29229
6ZP2	0.517329	3180	24771	0.443932	3753	29331
6ZP5	0.506398	2861	22319	0.39654	3864	30108
6ZP7	0.506871	2861	22319	0.401512	3864	30108
6ZPQ	0.546428	2425	19818	0.53075	2516	20532
6ZPT	0.533035	2396	19579	0.518271	2516	20516
6ZPU	0.54865	587	4788	0.544199	597	4856
6ZXN	0.52535	3522	27426	0.45238	4266	33120
7A03	0.53045	987	8035	0.526875	1000	8120
7A25	0.517708	3504	27384	0.49154	3780	29415
7A29	0.512838	3510	27432	0.443141	4206	32754
7A4N	0.508695	2889	22450	0.398977	3891	30126
7A5S	0.516846	2124	16552	0.339194	3566	27644
7A92	0.513467	1231	9899	0.474772	1370	10933
7A93	0.466611	3221	25228	0.407116	3861	30087
7A94	0.509912	3825	30140	0.431529	4515	35395
7A95	0.461672	3794	29887	0.404579	4515	35395
7A96	0.463797	3783	29811	0.398465	4515	35395
7A97	0.461363	4373	34626	0.401994	5169	40703
7A98	0.464446	4962	39435	0.413641	5823	46011
7AD1	0.494784	2830	20956	0.394565	3891	30126
7AKD	0.509488	3404	26314	0.404033	4312	33407
7AKJ	0.527397	3930	30546	0.488805	4260	33132
7B0B	0.562154	628	4830	0.526714	674	5205
7B14	0.467717	324	2512	0.491441	325	2542
7B17	0.525384	445	3393	0.536718	478	3664
7B18	0.508814	3814	29489	0.446018	4617	35835
7B3O	0.572104	613	4667	0.554858	648	4972
7BBH	0.533158	3189	24861	0.458903	3744	29256
7BEH	0.554517	626	4760	0.52643	674	5128
7BEI	0.566603	625	4773	0.546289	669	5109
7BEJ	0.568332	623	4774	0.562768	641	4919
7BEK	0.567265	628	4802	0.562126	641	4919
7BEL	0.584539	1728	13206	0.473762	2264	17184
7BEM	0.563297	417	3229	0.515674	489	3710
7BEN	0.583933	2095	16008	0.569511	2188	16712
7BEO	0.5822	2105	16112	0.555875	2240	17114
7BEP	0.563132	2183	16664	0.55537	2242	17134
7BNO	0.458626	3197	25018	0.430906	3531	27408
7BNV	0.557099	633	4798	0.538857	683	5260
7BWJ	0.555437	636	4806	0.540205	662	5028
7BYR	0.487155	3137	23935	0.405853	3974	31015
7BZ5	0.565046	628	4812	0.540786	669	5145
7C01	0.568722	1256	9642	0.536904	1358	10500
7C02	0.506358	416	3196	0.448337	492	3806
7C2L	0.496535	4479	34742	0.395437	5880	45687
7C8D	0.504777	792	6358	0.446298	927	7541
7C8J	0.517347	902	7316	0.51811	902	7340
7C8K	0.512529	596	4782	0.521783	596	4886
7C8V	0.561238	313	2460	0.516685	357	2802
7C8W	0.532846	315	2465	0.521491	335	2620
7CAB	0.515859	3087	24138	0.447123	3624	28293
7CAC	0.495723	3499	27276	0.43571	4057	31613
7CAH	0.387319	404	2889	0.402881	521	4029
7CAI	0.491005	3911	30414	0.430897	4490	34906
7CAK	0.481814	3771	29423	0.387705	4923	38220
7CAN	0.530757	312	2436	0.491447	363	2842
7CDI	0.571361	614	4701	0.518374	648	4977
7CH4	0.558946	619	4729	0.539425	659	5047
7CH5	0.568486	607	4687	0.53516	659	5078
7CHB	0.574891	614	4676	0.548699	660	5030
7CHC	0.569068	1042	7985	0.545909	1108	8468
7CHE	0.560865	1047	7956	0.537458	1109	8420
7CHF	0.564987	1052	8008	0.547092	1108	8437
7CHH	0.500581	3704	28455	0.400881	4971	38436
7CHO	0.56245	1247	9429	0.548333	1312	9966
7CHP	0.556014	622	4770	0.538192	653	5029
7CHS	0.575404	613	4713	0.559015	647	4989
7CJF	0.568958	627	4818	0.562265	636	4875
7CM4	0.581307	635	4850	0.436838	900	6956
7CN4	0.505245	3360	25497	0.421297	3801	29709
7CN8	0.508859	3375	26313	0.427868	3885	30339
7CN9	0.363528	3058	23290	0.347126	3381	26310
7COE	0.572196	1286	9668	0.560408	1350	10238
7CT5	0.487278	4804	38170	0.407275	5814	45921
7CWL	0.500731	3900	30260	0.434694	4503	35040
7CWM	0.50269	3883	30156	0.444525	4503	35040
7CWN	0.507305	4583	35547	0.379983	6348	49113
7CWO	0.511528	422	3254	0.18341	1501	11680
7CWS	0.48631	4602	35745	0.471147	4776	37065
7CWT	0.486285	4584	35442	0.472554	4776	36954
7CWU	0.50057	4592	35484	0.44299	5190	40200
7CYH	0.445614	423	3241	0.455748	423	3283
7CYP	0.480964	3756	29153	0.433584	4311	33519
7CYV	0.521877	428	3155	0.487901	493	3750
7CZQ	0.515463	3868	30036	0.397217	5181	40306
7CZR	0.509269	3854	29906	0.397001	5167	40176
7CZS	0.504851	4310	33327	0.392138	5826	45228
7CZT	0.527139	3872	30080	0.409432	5191	40392
7CZU	0.510432	3878	30140	0.394017	5191	40410
7CZV	0.508153	4346	33678	0.393512	5862	45579
7CZX	0.517983	4368	33885	0.404212	5883	45777
7CZY	0.500004	3880	30122	0.381899	5193	40418
7CZZ	0.493148	4349	33651	0.383815	5865	45591
7D00	0.509269	3854	29906	0.396257	5167	40176
7D03	0.513414	3412	26553	0.393727	4524	35205
7D0B	0.505501	3206	25099	0.391973	4295	33481
7D0C	0.498515	3860	29986	0.417135	4717	36646
7D0D	0.505303	3468	27116	0.379488	4741	36890
7D2Z	0.539229	329	2566	0.507282	357	2780
7D30	0.560192	435	3366	0.510506	511	3870
7D6I	0.547	627	4740	0.528749	666	5113
7DCC	0.486091	4485	35001	0.415247	5091	39738
7DCX	0.491346	4439	34644	0.426397	5091	39738
7DD2	0.478739	4049	31623	0.408879	4655	36361
7DD8	0.462238	3613	27980	0.393817	4219	32984
7DDD	0.487167	3264	25503	0.416192	3783	29607
7DDN	0.489269	3202	25049	0.40594	3783	29607
7DDO	0.510726	791	6404	0.504763	806	6527
7DDP	0.512622	791	6399	0.506233	806	6521
7DEO	0.586726	871	6769	0.562909	930	7166
7DET	0.577888	849	6658	0.532635	972	7558
7DEU	0.57255	425	3317	0.552217	459	3562
7DF3	0.497564	3264	25503	0.424283	3783	29607
7DF4	0.485987	3798	29912	0.414636	4408	34704
7DHX	0.528526	788	6382	0.520576	810	6584
7DJZ	0.572309	635	4852	0.555684	662	5069
7DK0	0.571629	627	4772	0.551768	664	5061
7DK2	0.563265	2503	19262	0.541018	2640	20344
7DK3	0.499198	3172	24838	0.415902	3783	29607
7DK4	0.517147	4470	34707	0.449626	5079	39468
7DK5	0.501714	3608	28144	0.428739	4215	32894
7DK6	0.513535	4042	31448	0.448467	4647	36181
7DK7	0.493775	4181	32504	0.404757	5079	39468
7DMU	0.545526	1586	12855	0.531885	1648	13356
7DPM	0.565875	2531	19446	0.546973	2668	20524
7DQA	0.523165	791	6411	0.436402	999	8059
7DRV	0.507806	1582	12760	0.498502	1638	13270
7DWY	0.531004	3297	25785	0.468628	3849	30072
7DWZ	0.506672	3019	23604	0.398104	3849	30072
7DX0	0.513602	2914	22758	0.401821	3849	30072
7DX1	0.512743	2914	22746	0.396576	3849	30060
7DX2	0.513956	2914	22746	0.401451	3849	30060
7DX3	0.514371	2914	22758	0.397815	3849	30072
7DX4	0.521467	1027	8151	0.521467	1027	8151
7DX5	0.51519	3544	27897	0.414722	4666	36691
7DX6	0.514555	3544	27897	0.413337	4666	36691
7DX7	0.513014	3544	27897	0.400493	4666	36691
7DX8	0.51415	4174	33036	0.413467	5483	43310
7DX9	0.512088	4209	33318	0.412183	5483	43310
7DZW	0.00012126	3363	13452	0.434163	3363	26160
7DZX	0.000108027	3803	15212	0.452518	3803	29505
7DZY	0.000119177	4677	18708	0.464078	4677	36189
7E23	0.439197	403	3119	0.249349	856	6633
7E39	0.466297	414	3060	0.281659	856	6641
7E3B	0.54851	421	3285	0.308679	860	6664
7E3C	0.428236	405	2923	0.219005	856	6603
7E3K	0.492736	4278	32231	0.428626	5172	40023
7E3L	0.508216	4266	32359	0.430961	5172	40023
7E3O	0.561431	615	4678	0.551674	641	4885
7E5O	0.561919	621	4788	0.532012	673	5187
7E5R	0.483367	5262	40263	0.406855	6513	50220
7E5S	0.471322	5038	38580	0.392127	6186	47672
7E5Y	0.497298	1215	9297	0.468353	1324	10124
7E7B	0.532479	3306	25839	0.390539	4560	35496
7E7D	0.53345	3240	25287	0.356223	4560	35514
7E7E	0.533706	2016	16053	0.52002	2096	16738
7E7Y	0.566376	1235	9339	0.546304	1320	10012
7E86	0.567557	613	4698	0.555995	632	4838
7E88	0.549419	2446	18863	0.538406	2516	19384
7E8C	0.526013	5218	40225	0.373457	7842	59955
7E8F	0.570986	1134	8768	0.408338	1841	14059
7E8M	0.575455	615	4711	0.532877	626	4786
7EAM	0.576593	1266	9836	0.558877	1334	10406
7EAN	0.564354	627	4853	0.548216	655	5081
7EAZ	0.476402	3051	23814	0.401868	3849	30048
7EB0	0.474516	3055	23835	0.395897	3849	30048
7EB3	0.471782	3041	23741	0.392806	3849	30048
7EB4	0.470067	3047	23785	0.389055	3849	30048
7EB5	0.463879	3058	23866	0.380279	3849	30048
7EDF	0.491695	3065	23945	0.403057	3858	30156
7EDG	0.4861	3023	23612	0.398612	3858	30156
7EDH	0.48469	2846	22201	0.36943	3858	30156
7EDI	0.485275	3048	23803	0.398095	3858	30156
7EDJ	0.477668	4836	38389	0.37423	6441	50916
7EFP	0.546851	790	6396	0.539503	817	6623
7EFR	0.539437	790	6395	0.530577	816	6615
7EH5	0.468588	4362	33939	0.278981	7830	60747
7EJ4	0.47312	3725	28990	0.325556	5835	45312
7EJ5	0.475736	3723	29090	0.323886	5838	45450
7EKC	0.531669	791	6407	0.514326	832	6763
7EKE	0.533009	791	6402	0.514766	832	6758
7EKF	0.531689	791	6409	0.516741	832	6765
7EKG	0.533672	791	6408	0.517708	832	6764
7EKH	0.529941	791	6404	0.512501	832	6760
7EY5	0.534635	648	5072	0.209155	2186	16906
7EZV	0.568584	632	4937	0.218944	2253	17400
7F62	0.465585	427	3321	0.150563	1945	15104
7F63	0.446155	429	3375	0.148848	1946	15150
7FAE	0.51681	4318	33484	0.383475	6006	46608
7FAF	0.480832	4298	33288	0.349349	6006	46608
7FC3	0.537901	726	5875	0.537901	726	5875
7FCD	0.477771	3055	23954	0.387929	3894	30354
7FCE	0.528365	3125	24402	0.426249	3894	30354
7FDG	0.502669	791	6376	0.48279	834	6761
7FDH	0.515255	791	6411	0.496515	834	6762
7FDI	0.512882	788	6326	0.494417	834	6759
7FDK	0.500567	791	6400	0.481098	834	6751
7FEM	0.445967	3579	28151	0.381293	4302	33817
7FET	0.462476	3003	23449	0.39697	3573	27864
7FG2	0.401183	1202	9342	0.354821	1405	10948
7FG3	0.35077	1166	9054	0.314001	1405	10948
7FG7	0.378116	1114	8690	0.340577	1273	9939
7JJI	0.541588	3327	25971	0.478033	3819	29793
7JMO	0.57635	622	4766	0.546654	672	5176
7JMP	0.542826	594	4430	0.510049	679	5173
7JMW	0.546858	638	4845	0.544514	683	5310
7JN5	0.5631	620	4794	0.526468	672	5201
7JV2	0.535771	282	2151	0.140501	1511	11701
7JV4	0.448981	3568	24350	0.437717	4533	35103
7JV6	0.482667	3612	25808	0.452212	4533	35103
7JVA	0.568381	420	3209	0.207205	1511	11737
7JVB	0.493689	621	4728	0.468397	682	5312
7JW0	0.27304	4314	25294	0.513744	4314	33393
7JWB	0.531568	3289	25654	0.449003	4045	31386
7JWY	0.519326	3178	24830	0.413591	3825	29802
7JX3	0.571389	1512	11479	0.565172	1531	11615
7JZL	0.489539	3105	22297	0.428043	4029	31509
7JZM	0.534842	258	1995	0.167947	1394	10876
7JZN	0.490119	3132	22482	0.411004	4182	32628
7JZU	0.536587	248	1949	0.157832	1349	10538
7K43	0.55698	3783	29319	0.46999	4542	35319
7K45	0.53762	419	3010	0.195985	1520	11807
7K4N	0.444545	3654	24471	0.487696	4180	32488
7K8M	0.574526	612	4719	0.557209	631	4872
7K8S	0.518998	3708	28851	0.392383	5127	39822
7K8T	0.51995	3699	28736	0.391357	5127	39822
7K8V	0.457876	3390	25674	0.36675	4685	36504
7K8W	0.492003	3403	25647	0.38462	4689	36396
7K8X	0.492493	3478	27007	0.374886	4691	36372
7K8Y	0.481665	3242	25238	0.372885	4234	32961
7K8Z	0.515255	3335	25069	0.398929	4667	36358
7K90	0.503187	3711	28401	0.405862	5241	40494
7K9H	0.503147	3391	25624	0.412507	4224	32927
7K9I	0.522405	423	3281	0.522405	423	3281
7K9J	0.523587	3627	28299	0.43555	4449	34710
7K9K	0.55539	402	3153	0.540751	422	3296
7K9Z	0.533601	1057	8047	0.520773	1105	8418
7KDG	0.544756	2916	22818	0.431046	3864	30114
7KDH	0.523222	2891	21886	0.40861	3864	30114
7KDI	0.547926	2916	22806	0.420111	3864	30153
7KDJ	0.523075	2875	21539	0.418397	3864	30153
7KDK	0.541402	2916	22806	0.425434	3864	30102
7KDL	0.522487	2875	21539	0.412766	3864	30102
7KE4	0.540137	2916	22802	0.421009	3864	30102
7KE6	0.544558	2916	22806	0.434155	3864	30102
7KE7	0.53929	2916	22806	0.413589	3864	30102
7KE8	0.540774	2916	22802	0.433102	3864	30102
7KE9	0.52325	2875	21539	0.418927	3864	30102
7KEA	0.515897	2875	21539	0.410482	3864	30102
7KEB	0.508509	2875	21539	0.396511	3864	30102
7KEC	0.502024	2875	21539	0.394351	3864	30102
7KFV	0.570588	1896	14511	0.555959	2001	15303
7KFW	0.562175	1890	14459	0.544481	2001	15303
7KGK	0.543033	314	2466	0.543278	314	2470
7KJ2	0.531106	3502	27580	0.447773	4317	33866
7KJ3	0.52709	4109	32523	0.455362	4932	38869
7KJ4	0.526908	4722	37516	0.46708	5547	43872
7KJ5	0.530024	2909	22736	0.432989	3702	28863
7KKK	0.540328	3360	26115	0.435716	4221	32781
7KKL	0.542283	3360	26142	0.423281	4239	32988
7KL9	0.453038	3468	25924	0.394369	4251	33072
7KLG	0.554364	1269	9689	0.545807	1280	9792
7KLH	0.552482	1269	9677	0.545013	1280	9780
7KLW	0.566858	441	3456	0.565705	441	3454
7KM5	0.532097	620	4832	0.491601	698	5512
7KMB	0.487442	788	6383	0.233205	1870	14789
7KMG	0.571725	1255	9360	0.578216	1292	10006
7KMH	0.565347	617	4630	0.571273	636	4909
7KMI	0.565486	627	4762	0.563975	638	4905
7KMK	0.523941	3952	30627	0.432438	4700	36427
7KMS	0.481054	4887	38683	0.423773	5655	44718
7KMZ	0.458764	4260	33599	0.392125	5058	39848
7KN3	0.558838	1266	9667	0.546635	1342	10354
7KN4	0.532245	1231	8927	0.53287	1340	10208
7KN5	0.530275	892	6794	0.538041	972	7590
7KN6	0.566861	733	5525	0.546968	800	6146
7KN7	0.570623	744	5685	0.548582	805	6201
7KNB	0.447714	3637	28440	0.3703	4461	34978
7KNE	0.446234	3637	28407	0.378465	4461	34978
7KNH	0.447078	4260	33599	0.386273	5058	39848
7KNI	0.460351	4878	38622	0.402519	5655	44718
7KQB	0.538677	4105	31893	0.433901	4950	38434
7KQE	0.551168	4467	34626	0.444862	5616	43491
7KRQ	0.530945	3363	26298	0.45997	3930	30576
7KRR	0.527039	3310	25892	0.449362	3930	30576
7KRS	0.532829	3316	25933	0.462176	3930	30576
7KS9	0.492086	3189	24530	0.372336	4299	33405
7KSG	0.508453	3558	27691	0.436708	4293	33399
7KXJ	0.526863	4389	33879	0.437923	5139	39720
7KXK	0.518386	4383	33846	0.427985	5139	39720
7KZB	0.48477	992	7101	0.50054	1093	8381
7L02	0.536627	3776	29339	0.484543	4225	32773
7L06	0.53355	4636	35866	0.491311	5087	39317
7L09	0.536592	3776	29339	0.481924	4225	32773
7L0N	0.551876	3304	25889	0.544795	3366	26316
7L2D	0.51923	3492	27212	0.420327	4314	33455
7L2E	0.541637	4050	31506	0.450389	5196	40140
7L2F	0.519927	3970	31010	0.416689	5220	40449
7L3N	0.528431	3056	23810	0.400285	4268	33182
7L4Z	0.50498	1074	8516	0.462973	1215	9715
7L56	0.4532	3686	25690	0.428036	4581	35520
7L57	0.0439525	3192	16270	0.413477	3192	24865
7L58	0.0554414	3442	17529	0.46564	3442	26925
7L5B	0.502314	599	4569	0.463707	682	5203
7L7D	0.574484	630	4794	0.553024	651	5025
7L7E	0.566558	4318	32639	0.559606	4432	33944
7L7F	0.505241	1788	14542	0.438118	2142	17198
7L7K	0.486141	2919	22124	0.395096	3819	29811
7LAA	0.514503	3002	22932	0.423368	3806	29545
7LAB	0.547555	4194	32469	0.505571	4641	35880
7LCN	0.519817	4296	33186	0.490003	4680	36039
7LD1	0.402623	4249	28545	0.424348	4717	36603
7LDJ	0.554598	1287	10021	0.552788	1320	10280
7LJR	0.521816	3378	26291	0.391051	4569	35520
7LM8	0.56679	1071	8192	0.563456	1121	8616
7LM9	0.567094	634	4868	0.556646	673	5193
7LO4	0.53886	796	6453	0.53886	796	6453
7LOP	0.565497	2145	16407	0.555678	2234	17108
7LQ7	0.531579	3216	24270	0.541575	3273	24864
7LQV	0.480639	3980	30882	0.425868	4614	35646
7LQW	0.43478	3374	24962	0.36473	4367	33811
7LRS	0.472229	625	4812	0.471692	639	4908
7LRT	0.500163	4152	32328	0.434682	4914	38031
7LS9	0.53412	4002	31185	0.434886	5241	40605
7LSS	0.476114	2783	19994	0.379837	4091	31828
7LWI	0.537612	3003	23427	0.425186	3858	30045
7LWJ	0.532006	3003	23420	0.417404	3858	30045
7LWK	0.537397	3003	23427	0.426012	3858	30045
7LWL	0.537012	3003	23427	0.420965	3858	30045
7LWM	0.533112	2980	23053	0.423252	3858	30045
7LWN	0.532602	2980	23052	0.417099	3858	30045
7LWO	0.532669	2980	23052	0.430787	3858	30045
7LWP	0.521284	2982	23065	0.407627	3858	30045
7LWQ	0.533557	2425	18867	0.287254	3858	30045
7LWS	0.535591	3000	23438	0.427873	3855	30051
7LWT	0.533515	2980	23087	0.426822	3855	30051
7LWU	0.535483	2980	23086	0.429149	3855	30051
7LWV	0.536613	2980	23085	0.436395	3855	30051
7LWW	0.53506	2982	23086	0.415434	3864	30111
7LX5	0.547212	448	3485	0.196529	1633	12678
7LXY	0.519204	4446	32313	0.494669	5205	40458
7LXZ	0.521569	4557	33294	0.493075	5241	40644
7LY2	0.519439	4470	32499	0.498619	5211	40524
7LYK	0.534906	2983	23094	0.425009	3864	30096
7LYL	0.547415	3003	23434	0.427786	3864	30096
7LYM	0.546595	3006	23454	0.432838	3864	30096
7LYN	0.539195	2985	23109	0.433731	3864	30096
7LYO	0.537265	2982	23089	0.436934	3864	30096
7LYP	0.533031	2985	23112	0.414352	3864	30096
7LYQ	0.53812	2985	23109	0.427439	3864	30096
7M0J	0.542437	2916	22827	0.419643	3819	29772
7M3I	0.554284	1280	9812	0.513025	1426	10914
7M42	0.545733	1070	8076	0.517357	1148	8699
7M5E	0.545243	3477	26745	0.4675	4077	31476
7M6D	0.562928	1068	8161	0.558686	1097	8393
7M6E	0.521924	3795	29310	0.405313	5205	40206
7M6G	0.475956	3380	25618	0.371425	4742	36734
7M6H	0.43324	3476	26987	0.341807	4677	36232
7M6I	0.472863	3450	26822	0.363086	4665	36254
7M71	0.540229	852	6590	0.182071	3079	23927
7M7B	0.552324	635	4870	0.222527	1872	14497
7M7W	0.569725	2136	16152	0.558768	2210	16722
7M8K	0.503976	3084	24106	0.419219	3771	29457
7MDW	0.431984	435	3378	0.432797	435	3391
7ME7	0.375829	437	3389	0.375732	437	3386
7MEJ	0.276962	434	3355	0.283754	434	3368
7MF1	0.539581	632	4800	0.543701	651	4948
7MFU	0.57137	878	6768	0.573518	878	6816
7MJG	0.534553	3120	24420	0.429525	3864	30126
7MJH	0.544457	3495	27303	0.456084	4299	33489
7MJI	0.549909	320	2508	0.172767	1433	11163
7MJJ	0.549253	3968	30840	0.464184	4780	37056
7MJK	0.555211	4389	34038	0.468851	5238	40521
7MJL	0.570943	621	4774	0.232757	1746	13507
7MJM	0.529714	4312	34144	0.454503	5076	40044
7MJN	0.509099	797	6456	0.251583	1894	15001
7MKL	0.478955	3164	24715	0.434544	3581	27913
7MKM	0.408393	406	3178	0.408393	406	3178
7MLZ	0.429077	624	4803	0.430876	640	4916
7MM0	0.476787	3490	27276	0.414814	4028	31317
7MMO	0.555349	1215	9030	0.554756	1284	9878
7MSQ	0.572101	1253	9674	0.561073	1312	10158
7MTC	0.511321	2642	20590	0.358764	3843	29904
7MTE	0.500537	2568	20024	0.356602	3843	29913
7MY2	0.494501	3476	26989	0.406098	4257	33111
7MY3	0.491401	3385	25359	0.420387	4245	33042
7MZF	0.564331	624	4739	0.565012	643	4975
7MZG	0.56753	627	4697	0.571998	641	4904
7MZH	0.557153	1256	9450	0.55174	1284	9824
7MZI	0.561008	628	4721	0.552418	645	4884
7MZJ	0.550148	2112	15590	0.547013	2186	16534
7MZK	0.560002	2130	15836	0.554482	2188	16580
7MZL	0.53409	623	4543	0.554414	645	4967
7MZM	0.56103	637	4805	0.5564	660	5084
7MZN	0.560919	637	4799	0.559964	648	4970
7N0G	0.526668	3592	28040	0.446305	4227	32982
7N0H	0.521656	3469	27078	0.452347	4106	32026
7N1Q	0.524779	3281	25726	0.448677	3915	30465
7N1T	0.522647	3345	26196	0.461371	3915	30465
7N1U	0.527423	3225	25263	0.447407	3915	30474
7N1V	0.527859	3274	25647	0.439907	3915	30474
7N1W	0.526832	3257	25510	0.442467	3915	30474
7N1X	0.511642	3257	25510	0.437144	3915	30474
7N1Y	0.496928	3242	25392	0.412293	3915	30474
7N3I	0.569729	622	4750	0.547914	657	5051
7N4I	0.553761	632	4850	0.546539	645	4958
7N4J	0.554195	652	4957	0.550244	659	5018
7N4L	0.528181	634	4876	0.522331	651	5022
7N4M	0.545274	537	4142	0.471818	646	4951
7N5H	0.514472	3739	29117	0.433976	4572	35553
7N62	0.522722	712	5543	0.276243	1715	13300
7N64	0.480272	906	7094	0.176539	2995	23293
7N8H	0.50621	4356	31323	0.493771	5190	40464
7N9A	0.482384	312	2431	0.481914	312	2430
7N9B	0.491117	3197	24575	0.374247	4432	34420
7N9E	0.490905	2866	21460	0.360414	4295	33398
7N9T	0.394331	3726	28884	0.394387	3726	28878
7ND3	0.526553	3194	24364	0.407085	4327	33615
7ND4	0.536972	3729	28869	0.388217	5286	40677
7ND5	0.52874	3406	26020	0.429119	4328	33583
7ND6	0.529129	3409	26049	0.428243	4300	33393
7ND7	0.544166	3699	28707	0.393573	5193	40032
7ND8	0.540901	3447	26819	0.432353	4334	33667
7ND9	0.533709	3482	26640	0.447275	4333	33651
7NDA	0.534191	3452	26843	0.428542	4333	33651
7NDB	0.530639	3460	26488	0.439765	4320	33566
7NDC	0.541695	3852	29889	0.410018	5268	40806
7NDD	0.540427	3852	29889	0.404185	5268	40806
7NEG	0.575223	614	4715	0.557792	647	4960
7NEH	0.56207	630	4820	0.559755	642	4926
7NP1	0.558642	2437	18675	0.522886	2692	20608
7NT9	0.517667	3261	25488	0.449524	3861	30057
7NTA	0.506045	3261	25488	0.437846	3861	30057
7NTC	0.494638	3698	28813	0.427618	4346	33746
7NX6	0.591209	1049	8007	0.581165	1084	8271
7NX7	0.58381	1048	7997	0.574082	1084	8270
7NX8	0.588881	1049	8003	0.577342	1084	8269
7NX9	0.592009	1049	8008	0.581608	1084	8275
7NXA	0.591449	1049	8010	0.580969	1084	8274
7NXB	0.587414	1050	8009	0.575143	1084	8273
7NXC	0.532179	791	6405	0.524225	809	6577
7OAN	0.534189	3510	27279	0.447951	4167	32490
7OD3	0.523308	3036	23700	0.424996	3828	29694
7ODL	0.522234	3066	23858	0.420438	3828	29694
7OLZ	0.558659	422	3258	0.544971	453	3530
7OR9	0.581731	1057	8047	0.571425	1086	8268
7ORA	0.591672	2124	16248	0.581519	2176	16640
7ORB	0.582198	2110	16134	0.568498	2188	16718
7P40	0.472491	3687	26466	0.385422	5151	39756
7P77	0.496058	3822	29673	0.420969	4578	35598
7P78	0.48974	3625	28038	0.402847	4454	34649
7P79	0.474504	3377	26138	0.389501	4206	32751
7P7A	0.470902	3159	24526	0.361685	4112	32012
7P7B	0.496233	3207	25096	0.428803	3864	30114
7PHG	0.47352	427	3309	0.483545	427	3309
7PKI	0.534642	793	6418	0.534642	793	6418
7PRY	0.579332	2112	16222	0.566934	2186	16770
7PRZ	0.570703	640	4950	0.559197	659	5089
7PS0	0.561602	1244	9487	0.544877	1308	9970
7PS1	0.572472	622	4757	0.560618	646	4942
7PS2	0.560338	1078	8280	0.554656	1104	8463
7PS4	0.568961	1266	9604	0.557295	1312	9980
7PS5	0.565582	632	4869	0.555639	653	5036
7PS6	0.571545	1060	8028	0.55747	1097	8317
7PS7	0.552957	1250	9460	0.541844	1302	9888
7Q0G	0.578213	1063	8068	0.569255	1085	8257
7Q0H	0.564787	1067	8135	0.556314	1095	8370
7Q6E	0.545562	4327	33350	0.462057	5172	39927
7Q9F	0.543639	4312	33365	0.457748	5175	40047
7Q9G	0.541375	3632	28245	0.466322	4307	33431
7Q9I	0.54625	3881	30224	0.435326	5190	40089
7Q9J	0.546699	3794	29492	0.416444	5178	39894
7Q9K	0.538649	3388	26385	0.396594	4743	36781
7Q9M	0.526329	3613	27810	0.389371	5178	40089
7Q9P	0.539678	3807	29766	0.407577	5184	40155
7QNW	0.586024	1057	8133	0.575875	1090	8390
7QNX	0.582475	1054	8097	0.568739	1090	8368
7QNY	0.564978	1046	7930	0.553713	1084	8227
7QO7	0.460332	3295	25795	0.388554	3855	30147
7R6W	0.562528	1074	8155	0.553864	1110	8436
7R7N	0.490703	391	2752	0.184295	1521	11789
7R8L	0.577173	1064	8099	0.579749	1069	8136
7R8M	0.464184	3411	25865	0.368692	4699	36458
7R8N	0.474406	3813	29229	0.366243	5172	40029
7R8O	0.511886	3804	29301	0.387899	5172	39963
7RA8	0.446007	3405	23280	0.423782	4581	35475
7RAL	0.499403	389	2833	0.185512	1527	11825
7RKS	0.559673	1239	9516	0.554819	1296	9976
7RKU	0.565855	2545	19668	0.556014	2668	20748
7RKV	0.499903	4278	30811	0.445061	5181	40152
7RPV	0.50228	3125	25345	0.489432	3260	26392
7RR0	0.55995	422	3283	0.560109	422	3299
7RW2	0.523118	3951	30774	0.4267	5250	40707
7S0B	0.557173	1260	9640	0.539071	1326	10186
7S0C	0.513667	3818	29149	0.439623	4701	36572
7S0D	0.498223	4383	33614	0.442796	5139	39876
7S0E	0.424409	1076	8236	0.295032	1713	13315
7S4S	0.566607	627	4807	0.54505	668	5137
7SBK	0.519297	3303	25872	0.438967	3924	30546
7SBL	0.525095	3286	25724	0.450271	3924	30546
7SBO	0.515249	3267	25584	0.438286	3924	30546
7SBP	0.526239	3330	26064	0.458062	3930	30597
7SBR	0.525807	3266	25548	0.448276	3930	30597
7SBS	0.523419	3330	26041	0.441633	3930	30609
7SBT	0.52488	3300	25818	0.450902	3930	30609
7SG4	0.477619	3737	28051	0.422385	4262	33181
7SN0	0.528486	1582	12822	0.484395	1784	14372
7SN2	0.467341	650	5060	0.207108	1761	13664
7SN3	0.517253	3451	26700	0.364587	5283	40992
7SO9	0.553657	4434	33414	0.503432	5187	40494
7SOA	0.594113	477	3766	0.250294	1503	11749
7SOB	0.412355	4443	28860	0.524791	4443	34599
7SOC	0.53931	433	3363	0.195858	1510	11769
7SOD	0.59717	473	3732	0.233813	1505	11775
7SPO	0.52321	624	4900	0.475009	708	5576
7SPP	0.545045	305	2388	0.502466	342	2713
7SXS	0.532365	3120	24405	0.434402	3864	30111
7SXT	0.532572	3120	24408	0.432899	3864	30114
7SXU	0.533334	3120	24408	0.434837	3864	30114
7SXV	0.533682	3120	24405	0.434943	3864	30111
7SXW	0.533214	3120	24402	0.429303	3864	30108
7SXY	0.522962	797	6452	0.271006	1894	14993
7SY0	0.523378	797	6455	0.262267	1894	14996
7SY2	0.524618	797	6456	0.253748	1894	14997
7SY4	0.523197	797	6456	0.267904	1894	14997
7SY5	0.533954	4908	38991	0.469897	5682	44988
7SY6	0.523104	797	6455	0.2597	1894	14996
7SY8	0.524663	797	6454	0.253909	1894	14995
7T9K	0.533111	4087	32418	0.436973	5067	40071
7T9L	0.52303	796	6469	0.254869	1891	15010
7TAS	0.551859	417	3109	0.190868	1519	11772
7TAT	0.418541	3564	23184	0.495469	3169	24664
7TB4	0.479231	3329	26071	0.450522	3576	27993
7V26	0.475273	4506	34527	0.412805	5205	40107
7V2A	0.494232	3657	27681	0.397378	4983	38505
7V76	0.507163	3088	24141	0.425141	3840	29979
7V77	0.504825	3102	24215	0.427834	3840	29979
7V78	0.51569	3123	24420	0.43672	3849	30069
7V79	0.519464	3125	24434	0.441971	3849	30069
7V7A	0.50756	3119	24378	0.426882	3849	30069
7V7D	0.504873	3095	24205	0.425295	3849	30066
7V7E	0.500966	3093	24192	0.417485	3849	30066
7V7F	0.504509	3114	24327	0.426741	3849	30066
7V7G	0.497222	3114	24327	0.415659	3849	30066
7V7N	0.51257	3101	24243	0.431226	3843	30018
7V7O	0.514028	3092	24163	0.427501	3843	30018
7V7P	0.514224	3096	24195	0.427645	3843	30018
7V7Q	0.513812	3096	24195	0.434026	3843	30018
7V7R	0.514654	3095	24186	0.428992	3843	30018
7V7S	0.510206	3088	24121	0.426831	3843	30018
7V7T	0.512376	3089	24128	0.42557	3843	30018
7V7U	0.512084	3088	24121	0.428469	3843	30018
7V7V	0.509871	3089	24128	0.426597	3843	30018
7V7Z	0.481137	4884	38745	0.378506	6423	50739
7V80	0.466904	797	6455	0.217653	2141	16913
7V81	0.502135	4311	34102	0.402612	5571	43909
7V82	0.502085	4902	38916	0.394666	6432	50829
7V83	0.505467	4902	38916	0.393406	6432	50829
7V84	0.510608	797	6454	0.233686	2144	16943
7V85	0.483712	4306	34051	0.383666	5571	43906
7V86	0.496162	4881	38778	0.396968	6432	50826
7V87	0.502371	797	6455	0.182308	2144	16942
7V88	0.493469	4281	33852	0.399217	5565	43858
7V89	0.501489	4869	38634	0.395974	6426	50778
7V8A	0.502406	4869	38634	0.397053	6426	50778
7V8B	0.506263	797	6457	0.2126	2142	16926
7V8C	0.492471	3088	24147	0.410149	3840	30036
7VMU	0.555109	396	3064	0.539279	426	3229
7VNB	0.542632	330	2600	0.533588	339	2671
7VNC	0.458021	3325	26002	0.40476	3796	29586
7VND	0.460888	3442	26904	0.414291	3914	30495
7VNE	0.449341	3558	27777	0.40774	4032	31383
7VX1	0.473236	3237	25362	0.399381	3774	29526
7VX4	0.51693	791	6409	0.223965	1883	14939
7VX5	0.519751	791	6409	0.238919	1886	14973
7VX9	0.480683	3789	29848	0.462704	3999	31399
7VXA	0.478218	3795	29888	0.411134	4408	34725
7VXB	0.480386	3795	29888	0.411888	4408	34725
7VXC	0.481512	3801	29932	0.41507	4408	34725
7VXD	0.467093	3829	30194	0.413793	4399	34623
7VXE	0.488381	3186	24930	0.403879	3783	29628
7VXF	0.465678	3814	30079	0.405371	4399	34623
7VXI	0.49126	3144	24570	0.403593	3783	29628
7VXK	0.471966	3814	30079	0.41139	4399	34623
7VXM	0.471134	3791	29901	0.403796	4399	34623
7W92	0.468812	3206	25071	0.394923	3783	29613
7W94	0.464976	3206	25082	0.385835	3783	29613
7W98	0.498288	3777	29737	0.431843	4408	34710
7W99	0.501516	3777	29737	0.430691	4408	34710
7W9B	0.498465	3777	29737	0.434632	4408	34710
7W9C	0.500784	3777	29737	0.432806	4408	34710
7W9E	0.502554	3611	28181	0.395115	4441	34730
7W9F	0.517565	625	4856	0.335811	852	6658
7W9I	0.503511	791	6412	0.489627	819	6638
7WBL	0.505417	791	6427	0.505417	791	6427
7WBP	0.53685	791	6427	0.525381	819	6655
7WBQ	0.529549	1581	12803	0.518403	1638	13276
7WEV	0.502701	3126	24451	0.426443	3774	29526
7WK2	0.48324	3171	24879	0.425956	3615	28299
7WK3	0.479641	3162	24805	0.417742	3615	28299
7WK8	0.500673	516	3982	0.125941	2948	23080
7WKA	0.483227	4041	31575	0.415793	4638	36278
